# Frequency    Median Mag     Phase (Rad)    -1 Sigma Mag   -1 Sigma Phase +1 Sigma Mag   +1 Sigma Phase
+1.8824679e+01 +1.0016449e+00 -5.1851379e-03 +9.8850721e-01 -1.5641166e-02 +1.0147696e+00 +4.7519809e-03
+2.0185086e+01 +1.0010353e+00 -5.1904740e-03 +9.8782618e-01 -1.5560274e-02 +1.0141916e+00 +4.7806507e-03
+2.1643806e+01 +1.0004656e+00 -5.1165236e-03 +9.8725749e-01 -1.5557016e-02 +1.0137295e+00 +5.0115444e-03
+2.3207944e+01 +9.9996142e-01 -5.0310504e-03 +9.8674734e-01 -1.5432756e-02 +1.0132836e+00 +5.2350030e-03
+2.4885118e+01 +9.9958649e-01 -4.8352397e-03 +9.8647942e-01 -1.5110275e-02 +1.0127897e+00 +5.5297974e-03
+2.6683496e+01 +9.9938199e-01 -4.5493281e-03 +9.8624861e-01 -1.4967750e-02 +1.0124302e+00 +5.7703241e-03
+2.8611838e+01 +9.9906524e-01 -4.4100876e-03 +9.8616741e-01 -1.4824756e-02 +1.0122960e+00 +6.0546170e-03
+3.0679536e+01 +9.9880629e-01 -4.0913274e-03 +9.8597387e-01 -1.4629790e-02 +1.0121904e+00 +6.3980615e-03
+3.2896661e+01 +9.9878625e-01 -3.8215460e-03 +9.8583217e-01 -1.4504516e-02 +1.0122006e+00 +6.6402104e-03
+3.5274012e+01 +9.9887288e-01 -3.5846384e-03 +9.8577833e-01 -1.4354696e-02 +1.0122256e+00 +6.9793389e-03
+3.7823166e+01 +9.9887434e-01 -3.4049145e-03 +9.8586254e-01 -1.4299526e-02 +1.0123016e+00 +7.2578877e-03
+4.0556542e+01 +9.9890059e-01 -3.2387259e-03 +9.8587752e-01 -1.4335589e-02 +1.0124347e+00 +7.5855849e-03
+4.3487450e+01 +9.9904856e-01 -3.0607667e-03 +9.8598738e-01 -1.4325760e-02 +1.0125343e+00 +7.9290877e-03
+4.6630167e+01 +9.9921333e-01 -2.9341908e-03 +9.8606067e-01 -1.4377180e-02 +1.0127168e+00 +8.2258830e-03
+5.0000000e+01 +9.9936812e-01 -2.9693652e-03 +9.8613580e-01 -1.4508808e-02 +1.0128524e+00 +8.7209774e-03
+5.3613361e+01 +9.9941195e-01 -2.9254953e-03 +9.8599496e-01 -1.4601346e-02 +1.0131073e+00 +8.9452393e-03
+5.7487850e+01 +9.9962051e-01 -2.9186260e-03 +9.8576264e-01 -1.4965655e-02 +1.0133922e+00 +9.2226313e-03
+6.1642337e+01 +9.9954062e-01 -2.7973030e-03 +9.8577026e-01 -1.5249066e-02 +1.0134712e+00 +9.5815441e-03
+6.6097057e+01 +9.9964457e-01 -2.8419153e-03 +9.8570866e-01 -1.5536956e-02 +1.0135939e+00 +1.0040599e-02
+7.0873708e+01 +9.9947243e-01 -2.7657456e-03 +9.8537923e-01 -1.5702321e-02 +1.0136441e+00 +1.0521699e-02
+7.5995554e+01 +9.9927924e-01 -2.6566834e-03 +9.8508333e-01 -1.5877357e-02 +1.0137427e+00 +1.1064309e-02
+8.1487542e+01 +9.9907611e-01 -2.3915736e-03 +9.8479065e-01 -1.5902155e-02 +1.0138479e+00 +1.1543145e-02
+8.7376420e+01 +9.9890580e-01 -1.9719744e-03 +9.8419427e-01 -1.5727304e-02 +1.0138025e+00 +1.2177369e-02
+9.3690871e+01 +9.9898621e-01 -1.5106390e-03 +9.8380659e-01 -1.5484111e-02 +1.0140106e+00 +1.2914383e-02
+1.0046165e+02 +9.9901899e-01 -8.4353941e-04 +9.8346490e-01 -1.5166529e-02 +1.0142851e+00 +1.3890455e-02
+1.0772173e+02 +9.9898869e-01 -3.0151110e-05 +9.8340523e-01 -1.4658796e-02 +1.0146802e+00 +1.4829927e-02
+1.1550649e+02 +9.9927037e-01 +8.8068127e-04 +9.8314472e-01 -1.3904642e-02 +1.0151648e+00 +1.5922653e-02
+1.2385382e+02 +9.9971260e-01 +1.8060800e-03 +9.8313138e-01 -1.3190886e-02 +1.0160308e+00 +1.7196111e-02
+1.3280439e+02 +1.0004280e+00 +2.6917256e-03 +9.8320282e-01 -1.2782500e-02 +1.0170753e+00 +1.8238816e-02
+1.4240179e+02 +1.0013596e+00 +3.3647605e-03 +9.8351288e-01 -1.2322304e-02 +1.0187140e+00 +1.9461732e-02
+1.5269278e+02 +1.0028209e+00 +4.0651390e-03 +9.8424341e-01 -1.1754890e-02 +1.0209719e+00 +2.0299891e-02
+1.6372746e+02 +1.0044132e+00 +4.0083535e-03 +9.8526978e-01 -1.1572221e-02 +1.0229084e+00 +2.0312619e-02
+1.7555959e+02 +1.0057596e+00 +3.3868507e-03 +9.8660783e-01 -1.1622404e-02 +1.0244453e+00 +1.9237478e-02
+1.8824679e+02 +1.0064251e+00 +2.4196188e-03 +9.8789808e-01 -1.1954155e-02 +1.0246666e+00 +1.7374152e-02
+2.0185086e+02 +1.0066493e+00 +1.5864902e-03 +9.8913598e-01 -1.1931834e-02 +1.0240525e+00 +1.5223061e-02
+2.1643806e+02 +1.0065141e+00 +8.7318360e-04 +9.8992920e-01 -1.1550656e-02 +1.0227635e+00 +1.3614081e-02
+2.3207944e+02 +1.0061109e+00 +6.0998832e-04 +9.9063473e-01 -1.0971764e-02 +1.0215048e+00 +1.2277894e-02
+2.4885118e+02 +1.0057500e+00 +5.2201120e-04 +9.9107074e-01 -1.0286273e-02 +1.0204024e+00 +1.1419075e-02
+2.6683496e+02 +1.0054034e+00 +4.9226602e-04 +9.9129360e-01 -9.7479511e-03 +1.0194447e+00 +1.0869248e-02
+2.8611838e+02 +1.0051502e+00 +5.2402676e-04 +9.9142428e-01 -9.1332994e-03 +1.0186956e+00 +1.0445718e-02
+3.0679536e+02 +1.0047870e+00 +6.5770470e-04 +9.9159600e-01 -8.5976641e-03 +1.0179180e+00 +1.0136110e-02
+3.2896661e+02 +1.0031380e+00 +2.5988646e-04 +9.9126843e-01 -7.5838800e-03 +1.0149421e+00 +8.2830079e-03
+3.5274012e+02 +1.0044599e+00 +1.3145415e-03 +9.9146488e-01 -7.8571964e-03 +1.0175273e+00 +1.0710744e-02
+3.7823166e+02 +1.0040066e+00 +1.5171162e-03 +9.9120322e-01 -7.4280729e-03 +1.0167329e+00 +1.0672313e-02
+4.0556542e+02 +1.0034450e+00 +1.8763672e-03 +9.9091086e-01 -7.0076944e-03 +1.0160141e+00 +1.0803396e-02
+4.3487450e+02 +1.0026941e+00 +2.3957596e-03 +9.9048443e-01 -6.4219868e-03 +1.0150571e+00 +1.1224355e-02
+4.6630167e+02 +1.0017969e+00 +4.2029026e-03 +9.8926060e-01 -5.2432957e-03 +1.0145685e+00 +1.3732995e-02
+5.0000000e+02 +1.0033291e+00 +4.7949871e-03 +9.8984487e-01 -5.8583980e-03 +1.0170348e+00 +1.5442375e-02
+5.3613361e+02 +1.0040730e+00 +6.5644334e-03 +9.8940620e-01 -5.6852619e-03 +1.0191871e+00 +1.8766789e-02
+5.7487850e+02 +1.0045026e+00 +4.6003545e-03 +9.9022979e-01 -7.0012996e-03 +1.0190615e+00 +1.6007965e-02
+6.1642337e+02 +1.0035820e+00 +4.6601816e-03 +9.8969079e-01 -6.6920981e-03 +1.0179474e+00 +1.5827819e-02
+6.6097057e+02 +1.0029362e+00 +5.1815714e-03 +9.8908015e-01 -6.5835594e-03 +1.0173885e+00 +1.6605074e-02
+7.0873708e+02 +1.0024757e+00 +5.7710732e-03 +9.8829323e-01 -6.4905499e-03 +1.0173259e+00 +1.7766497e-02
+7.5995554e+02 +1.0021919e+00 +6.4677266e-03 +9.8753036e-01 -6.6222424e-03 +1.0175788e+00 +1.9173589e-02
+8.1487542e+02 +1.0020649e+00 +7.2777728e-03 +9.8673797e-01 -6.8179393e-03 +1.0180999e+00 +2.0774694e-02
+8.7376420e+02 +1.0022589e+00 +8.0640494e-03 +9.8610559e-01 -7.0960539e-03 +1.0189751e+00 +2.2680958e-02
+9.3690871e+02 +1.0030740e+00 +8.4075010e-03 +9.8610194e-01 -7.9888280e-03 +1.0206116e+00 +2.4065215e-02
+1.0046165e+03 +1.0025042e+00 +8.1802327e-03 +9.8538557e-01 -8.5689564e-03 +1.0201471e+00 +2.4268083e-02
+1.0772173e+03 +1.0019462e+00 +8.2793764e-03 +9.8436751e-01 -9.0638736e-03 +1.0199888e+00 +2.5066454e-02
