# Frequency    Median Mag     Phase (Rad)    -1 Sigma Mag   -1 Sigma Phase +1 Sigma Mag   +1 Sigma Phase
+1.8824679e+01 +1.0121873e+00 +1.2925665e-02 +9.8627144e-01 -1.0997335e-02 +1.0378216e+00 +3.7192367e-02
+2.0185086e+01 +1.0133318e+00 +1.1153922e-02 +9.8936453e-01 -1.1158146e-02 +1.0373644e+00 +3.3688702e-02
+2.1643806e+01 +1.0138851e+00 +9.3473456e-03 +9.9117972e-01 -1.1437427e-02 +1.0366120e+00 +3.0273781e-02
+2.3207944e+01 +1.0139980e+00 +7.6189599e-03 +9.9229093e-01 -1.2047287e-02 +1.0357060e+00 +2.7431808e-02
+2.4885118e+01 +1.0139715e+00 +6.2245538e-03 +9.9282178e-01 -1.2650714e-02 +1.0346439e+00 +2.4849712e-02
+2.6683496e+01 +1.0135132e+00 +4.8749474e-03 +9.9329792e-01 -1.3115413e-02 +1.0334140e+00 +2.2631153e-02
+2.8611838e+01 +1.0127828e+00 +3.5715511e-03 +9.9352723e-01 -1.3565463e-02 +1.0320048e+00 +2.0754728e-02
+3.0679536e+01 +1.0120617e+00 +2.4799327e-03 +9.9333373e-01 -1.3824081e-02 +1.0305795e+00 +1.8937049e-02
+3.2896661e+01 +1.0112262e+00 +1.6790163e-03 +9.9293847e-01 -1.4148098e-02 +1.0291040e+00 +1.7657465e-02
+3.5274012e+01 +1.0103686e+00 +9.5476972e-04 +9.9247578e-01 -1.4345774e-02 +1.0276980e+00 +1.6315963e-02
+3.7823166e+01 +1.0091831e+00 +1.9355792e-04 +9.9183649e-01 -1.4634364e-02 +1.0262361e+00 +1.5314140e-02
+4.0556542e+01 +1.0081544e+00 -1.8053949e-04 +9.9112288e-01 -1.4629771e-02 +1.0248388e+00 +1.4488911e-02
+4.3487450e+01 +1.0069258e+00 -6.0429190e-04 +9.9028743e-01 -1.4550075e-02 +1.0232035e+00 +1.3870058e-02
+4.6630167e+01 +1.0058304e+00 -7.9972617e-04 +9.8957911e-01 -1.4516261e-02 +1.0218512e+00 +1.3171203e-02
+5.0000000e+01 +1.0047107e+00 -9.0763525e-04 +9.8891038e-01 -1.4283108e-02 +1.0204046e+00 +1.2663594e-02
+5.3613361e+01 +1.0037060e+00 -1.0193739e-03 +9.8829077e-01 -1.3976033e-02 +1.0191733e+00 +1.2275567e-02
+5.7487850e+01 +1.0027348e+00 -1.0754237e-03 +9.8757188e-01 -1.3602288e-02 +1.0178521e+00 +1.1980967e-02
+6.1642337e+01 +1.0017738e+00 -8.8104193e-04 +9.8698676e-01 -1.3276184e-02 +1.0166725e+00 +1.1748743e-02
+6.6097057e+01 +1.0008602e+00 -7.7844199e-04 +9.8641357e-01 -1.2792500e-02 +1.0156155e+00 +1.1601765e-02
+7.0873708e+01 +1.0001185e+00 -5.0213955e-04 +9.8610526e-01 -1.2304968e-02 +1.0145461e+00 +1.1591754e-02
+7.5995554e+01 +9.9942066e-01 -2.5242336e-04 +9.8559848e-01 -1.1643148e-02 +1.0134962e+00 +1.1463127e-02
+8.1487542e+01 +9.9882874e-01 +3.0191687e-05 +9.8528683e-01 -1.0951822e-02 +1.0125746e+00 +1.1440571e-02
+8.7376420e+01 +9.9836645e-01 +3.8615057e-04 +9.8511127e-01 -1.0250287e-02 +1.0117784e+00 +1.1361557e-02
+9.3690871e+01 +9.9810203e-01 +7.9064408e-04 +9.8508720e-01 -9.4925935e-03 +1.0111916e+00 +1.1388519e-02
+1.0046165e+02 +9.9780390e-01 +1.1087483e-03 +9.8516534e-01 -8.8562047e-03 +1.0107073e+00 +1.1298864e-02
+1.0772173e+02 +9.9766405e-01 +1.5155359e-03 +9.8531934e-01 -8.1069647e-03 +1.0103196e+00 +1.1237563e-02
+1.1550649e+02 +9.9770916e-01 +1.7901847e-03 +9.8548653e-01 -7.4360523e-03 +1.0100697e+00 +1.1229010e-02
+1.2385382e+02 +9.9788465e-01 +2.0315411e-03 +9.8579879e-01 -6.8262130e-03 +1.0099460e+00 +1.1225330e-02
+1.3280439e+02 +9.9805758e-01 +2.2587137e-03 +9.8617545e-01 -6.3115011e-03 +1.0099812e+00 +1.1131773e-02
+1.4240179e+02 +9.9835839e-01 +2.3589438e-03 +9.8673078e-01 -5.9425290e-03 +1.0100472e+00 +1.0962938e-02
+1.5269278e+02 +9.9867811e-01 +2.4367233e-03 +9.8720851e-01 -5.5551029e-03 +1.0101758e+00 +1.0595194e-02
+1.6372746e+02 +9.9897971e-01 +2.3506804e-03 +9.8766736e-01 -5.4073451e-03 +1.0102521e+00 +1.0246562e-02
+1.7555959e+02 +9.9933575e-01 +2.1731545e-03 +9.8816985e-01 -5.3668391e-03 +1.0103695e+00 +9.8723891e-03
+1.8824679e+02 +9.9953612e-01 +1.9270114e-03 +9.8845855e-01 -5.3991645e-03 +1.0104467e+00 +9.4185235e-03
+2.0185086e+02 +9.9961497e-01 +1.6180854e-03 +9.8870000e-01 -5.5658058e-03 +1.0105783e+00 +8.9739573e-03
+2.1643806e+02 +9.9966973e-01 +1.3662981e-03 +9.8873545e-01 -5.7382872e-03 +1.0106172e+00 +8.7267882e-03
+2.3207944e+02 +9.9959939e-01 +1.2987191e-03 +9.8853708e-01 -5.9315542e-03 +1.0106338e+00 +8.6452423e-03
+2.4885118e+02 +9.9954196e-01 +1.2963897e-03 +9.8839601e-01 -6.0259899e-03 +1.0106358e+00 +8.8235989e-03
+2.6683496e+02 +9.9962001e-01 +1.5659383e-03 +9.8831449e-01 -6.0521750e-03 +1.0110219e+00 +9.2600513e-03
+2.8611838e+02 +1.0001497e+00 +1.9921342e-03 +9.8847674e-01 -6.0863735e-03 +1.0118940e+00 +1.0118985e-02
+3.0679536e+02 +1.0013118e+00 +1.9543335e-03 +9.8921531e-01 -6.5296913e-03 +1.0134920e+00 +1.0757376e-02
+3.2896661e+02 +1.0024474e+00 -1.8084912e-03 +9.9002876e-01 -1.0608264e-02 +1.0147840e+00 +7.0922657e-03
+3.5274012e+02 +1.0030046e+00 +7.2728924e-04 +9.9081291e-01 -8.0617384e-03 +1.0154305e+00 +9.5659432e-03
+3.7823166e+02 +1.0036864e+00 -1.7131467e-03 +9.9096668e-01 -1.0745304e-02 +1.0163327e+00 +7.6145820e-03
+4.0556542e+02 +1.0026035e+00 -3.7687890e-03 +9.8955018e-01 -1.3329387e-02 +1.0156559e+00 +5.8966996e-03
+4.3487450e+02 +1.0007836e+00 -4.6365642e-03 +9.8758280e-01 -1.4455765e-02 +1.0138026e+00 +5.2704857e-03
+4.6630167e+02 +9.9758643e-01 -3.6041364e-03 +9.8603256e-01 -1.1568927e-02 +1.0092854e+00 +4.4427298e-03
+5.0000000e+02 +9.9976579e-01 -2.5697566e-03 +9.8829884e-01 -1.0438414e-02 +1.0112615e+00 +5.3061721e-03
+5.3613361e+02 +9.9911483e-01 -3.2348064e-03 +9.8760842e-01 -1.1312962e-02 +1.0108960e+00 +4.8842277e-03
+5.7487850e+02 +1.0012974e+00 -2.9051233e-03 +9.8910321e-01 -1.1293911e-02 +1.0132081e+00 +5.8214657e-03
+6.1642337e+02 +1.0005728e+00 -4.2752433e-03 +9.8822379e-01 -1.3153702e-02 +1.0128507e+00 +4.8337803e-03
+6.6097057e+02 +9.9969488e-01 -4.4643239e-03 +9.8750304e-01 -1.3445349e-02 +1.0121112e+00 +4.7118454e-03
+7.0873708e+02 +9.9935323e-01 -4.3805463e-03 +9.8708535e-01 -1.3472608e-02 +1.0118264e+00 +4.9332809e-03
+7.5995554e+02 +9.9933528e-01 -4.3474659e-03 +9.8679535e-01 -1.3705537e-02 +1.0118983e+00 +5.1605036e-03
+8.1487542e+02 +9.9942266e-01 -4.5293841e-03 +9.8661206e-01 -1.4175717e-02 +1.0122824e+00 +5.4278219e-03
+8.7376420e+02 +9.9954600e-01 -4.7227617e-03 +9.8638692e-01 -1.4845820e-02 +1.0127000e+00 +5.5813210e-03
+9.3690871e+02 +9.9975241e-01 -5.0974715e-03 +9.8622968e-01 -1.5789993e-02 +1.0133310e+00 +5.7724338e-03
+1.0046165e+03 +9.9967136e-01 -5.5963332e-03 +9.8563410e-01 -1.6834749e-02 +1.0137387e+00 +5.8050032e-03
+1.0772173e+03 +9.9966866e-01 -5.9352580e-03 +9.8517841e-01 -1.7800918e-02 +1.0141717e+00 +5.9171999e-03
