# Frequency    Median Mag     Phase (Rad)    -1 Sigma Mag   -1 Sigma Phase +1 Sigma Mag   +1 Sigma Phase
+1.5269278e+01 +1.0041891e+00 -5.2158822e-03 +9.9054591e-01 -1.5999859e-02 +1.0178081e+00 +5.8211363e-03
+1.6372746e+01 +1.0031902e+00 -5.5531454e-03 +9.8957727e-01 -1.6222226e-02 +1.0166850e+00 +5.3057711e-03
+1.7555959e+01 +1.0023466e+00 -5.7913658e-03 +9.8883582e-01 -1.6300450e-02 +1.0156986e+00 +5.0351631e-03
+1.8824679e+01 +1.0016086e+00 -5.7526776e-03 +9.8812329e-01 -1.6406735e-02 +1.0148995e+00 +4.9524853e-03
+2.0185086e+01 +1.0008681e+00 -5.5987347e-03 +9.8745661e-01 -1.6234521e-02 +1.0141184e+00 +4.8634484e-03
+2.1643806e+01 +1.0002167e+00 -5.4945174e-03 +9.8689681e-01 -1.6163867e-02 +1.0134896e+00 +5.0693081e-03
+2.3207944e+01 +9.9969030e-01 -5.2363099e-03 +9.8647724e-01 -1.5888818e-02 +1.0131571e+00 +5.3646855e-03
+2.4885118e+01 +9.9935429e-01 -4.9989558e-03 +9.8614450e-01 -1.5537463e-02 +1.0127896e+00 +5.6730324e-03
+2.6683496e+01 +9.9899993e-01 -4.7294554e-03 +9.8605890e-01 -1.5286359e-02 +1.0123869e+00 +6.0100434e-03
+2.8611838e+01 +9.9879388e-01 -4.3118057e-03 +9.8600966e-01 -1.4917083e-02 +1.0120756e+00 +6.3331670e-03
+3.0679536e+01 +9.9864007e-01 -4.0413797e-03 +9.8585094e-01 -1.4653656e-02 +1.0121104e+00 +6.8238552e-03
+3.2896661e+01 +9.9866024e-01 -3.7964258e-03 +9.8591554e-01 -1.4427624e-02 +1.0123330e+00 +7.1958296e-03
+3.5274012e+01 +9.9875908e-01 -3.5658194e-03 +9.8586800e-01 -1.4229714e-02 +1.0123524e+00 +7.4606080e-03
+3.7823166e+01 +9.9891442e-01 -3.3732507e-03 +9.8584370e-01 -1.4066615e-02 +1.0125369e+00 +7.7863358e-03
+4.0556542e+01 +9.9903894e-01 -3.1436171e-03 +9.8594731e-01 -1.3963014e-02 +1.0127643e+00 +7.9749706e-03
+4.3487450e+01 +9.9918230e-01 -3.0636888e-03 +9.8611410e-01 -1.3840865e-02 +1.0129210e+00 +8.0798649e-03
+4.6630167e+01 +9.9942078e-01 -2.9951802e-03 +9.8619725e-01 -1.3842854e-02 +1.0130719e+00 +8.2066674e-03
+5.0000000e+01 +9.9972550e-01 -2.8777142e-03 +9.8609703e-01 -1.4071596e-02 +1.0133384e+00 +8.3533217e-03
+5.3613361e+01 +9.9980375e-01 -2.9299224e-03 +9.8608836e-01 -1.4087928e-02 +1.0136728e+00 +8.3729355e-03
+5.7487850e+01 +9.9977663e-01 -2.9506140e-03 +9.8597351e-01 -1.4384616e-02 +1.0139729e+00 +8.4886308e-03
+6.1642337e+01 +9.9985721e-01 -3.0316860e-03 +9.8601854e-01 -1.4547473e-02 +1.0141737e+00 +8.5514829e-03
+6.6097057e+01 +9.9981011e-01 -3.0882582e-03 +9.8590484e-01 -1.4641111e-02 +1.0142058e+00 +8.8975026e-03
+7.0873708e+01 +9.9982258e-01 -3.0007174e-03 +9.8564262e-01 -1.4692705e-02 +1.0142199e+00 +9.2126144e-03
+7.5995554e+01 +9.9980788e-01 -2.9132866e-03 +9.8535306e-01 -1.4678583e-02 +1.0141063e+00 +9.4941167e-03
+8.1487542e+01 +9.9967873e-01 -2.6262512e-03 +9.8519860e-01 -1.4689686e-02 +1.0139921e+00 +9.8364018e-03
+8.7376420e+01 +9.9954447e-01 -2.1916878e-03 +9.8496270e-01 -1.4443878e-02 +1.0139327e+00 +1.0200937e-02
+9.3690871e+01 +9.9948162e-01 -1.5683364e-03 +9.8480467e-01 -1.4050447e-02 +1.0138292e+00 +1.0857024e-02
+1.0046165e+02 +9.9946818e-01 -1.0326245e-03 +9.8472367e-01 -1.3672986e-02 +1.0138336e+00 +1.1369526e-02
+1.0772173e+02 +9.9946737e-01 -2.7796072e-04 +9.8457134e-01 -1.3118247e-02 +1.0141587e+00 +1.2272061e-02
+1.1550649e+02 +9.9967336e-01 +5.5905262e-04 +9.8467121e-01 -1.2559451e-02 +1.0146617e+00 +1.3154072e-02
+1.2385382e+02 +9.9998399e-01 +1.2483036e-03 +9.8489410e-01 -1.1913283e-02 +1.0153148e+00 +1.4236352e-02
+1.3280439e+02 +1.0006013e+00 +1.9374534e-03 +9.8524530e-01 -1.1343753e-02 +1.0161216e+00 +1.5257046e-02
+1.4240179e+02 +1.0013698e+00 +2.6531089e-03 +9.8591407e-01 -1.1066360e-02 +1.0175094e+00 +1.6238129e-02
+1.5269278e+02 +1.0024881e+00 +3.1858761e-03 +9.8673927e-01 -1.0591284e-02 +1.0188560e+00 +1.7006702e-02
+1.6372746e+02 +1.0036755e+00 +3.2431530e-03 +9.8761078e-01 -1.0638612e-02 +1.0199886e+00 +1.7135800e-02
+1.7555959e+02 +1.0048924e+00 +2.8548441e-03 +9.8877567e-01 -1.0849632e-02 +1.0208311e+00 +1.6641879e-02
+1.8824679e+02 +1.0055018e+00 +2.2313404e-03 +9.8976824e-01 -1.0974494e-02 +1.0212438e+00 +1.5548773e-02
+2.0185086e+02 +1.0058628e+00 +1.5856940e-03 +9.9075063e-01 -1.0926897e-02 +1.0209794e+00 +1.4214298e-02
+2.1643806e+02 +1.0059767e+00 +1.0438381e-03 +9.9126368e-01 -1.0602833e-02 +1.0204026e+00 +1.3112348e-02
+2.3207944e+02 +1.0057549e+00 +8.0777293e-04 +9.9159041e-01 -1.0194968e-02 +1.0195425e+00 +1.2028115e-02
+2.4885118e+02 +1.0054391e+00 +7.7750928e-04 +9.9193631e-01 -9.7326927e-03 +1.0188128e+00 +1.1438976e-02
+2.6683496e+02 +1.0052035e+00 +7.7431903e-04 +9.9218001e-01 -9.2939562e-03 +1.0181673e+00 +1.0995041e-02
+2.8611838e+02 +1.0050213e+00 +8.4202415e-04 +9.9237786e-01 -8.8257146e-03 +1.0176166e+00 +1.0737971e-02
+3.0679536e+02 +1.0047551e+00 +9.4207746e-04 +9.9231872e-01 -8.4156052e-03 +1.0171103e+00 +1.0558120e-02
+3.2896661e+02 +1.0032540e+00 +5.8576510e-04 +9.9195243e-01 -7.4649610e-03 +1.0146369e+00 +8.7499677e-03
+3.5274012e+02 +1.0045847e+00 +1.5946602e-03 +9.9226421e-01 -7.7484181e-03 +1.0166999e+00 +1.1094867e-02
+3.7823166e+02 +1.0041131e+00 +1.8377030e-03 +9.9199818e-01 -7.3663065e-03 +1.0161250e+00 +1.1022519e-02
+4.0556542e+02 +1.0036399e+00 +2.1458534e-03 +9.9164984e-01 -6.9856350e-03 +1.0155651e+00 +1.1187148e-02
+4.3487450e+02 +1.0029746e+00 +2.5977123e-03 +9.9106217e-01 -6.4206576e-03 +1.0146472e+00 +1.1562427e-02
+4.6630167e+02 +1.0021112e+00 +4.3318216e-03 +9.8979318e-01 -5.3611325e-03 +1.0140888e+00 +1.3809752e-02
+5.0000000e+02 +1.0035222e+00 +4.9127659e-03 +9.9051395e-01 -5.8970007e-03 +1.0163429e+00 +1.5483783e-02
+5.3613361e+02 +1.0042404e+00 +6.5390231e-03 +9.9010508e-01 -5.6522404e-03 +1.0182203e+00 +1.8522800e-02
+5.7487850e+02 +1.0045708e+00 +4.7059060e-03 +9.9100781e-01 -6.7743788e-03 +1.0180884e+00 +1.6304740e-02
+6.1642337e+02 +1.0038115e+00 +4.8230341e-03 +9.9025301e-01 -6.6118381e-03 +1.0171165e+00 +1.6238749e-02
+6.6097057e+02 +1.0032951e+00 +5.2524516e-03 +9.8966542e-01 -6.3977418e-03 +1.0167668e+00 +1.7047344e-02
+7.0873708e+02 +1.0029092e+00 +5.8513641e-03 +9.8895258e-01 -6.2357132e-03 +1.0166834e+00 +1.8076234e-02
+7.5995554e+02 +1.0026742e+00 +6.5593828e-03 +9.8831255e-01 -6.1536231e-03 +1.0168687e+00 +1.9440664e-02
+8.1487542e+02 +1.0025680e+00 +7.2600279e-03 +9.8767407e-01 -6.2610164e-03 +1.0173536e+00 +2.1042278e-02
+8.7376420e+02 +1.0026134e+00 +7.9836252e-03 +9.8716625e-01 -6.5467232e-03 +1.0182239e+00 +2.2804587e-02
+9.3690871e+02 +1.0032812e+00 +8.2538864e-03 +9.8718598e-01 -7.1516424e-03 +1.0198081e+00 +2.4189873e-02
+1.0046165e+03 +1.0027959e+00 +8.0563881e-03 +9.8639850e-01 -7.7166189e-03 +1.0193589e+00 +2.4345999e-02
+1.0772173e+03 +1.0021587e+00 +8.3054285e-03 +9.8541884e-01 -8.1166433e-03 +1.0191685e+00 +2.5247770e-02
