# Frequency    Median Mag     Phase (Rad)    -1 Sigma Mag   -1 Sigma Phase +1 Sigma Mag   +1 Sigma Phase
+1.5269278e+01 +1.0000000e+00 +0.0000000e+00 +9.4900000e-01 -4.0045996e-02 +1.0510000e+00 +4.0045996e-02
+1.6372746e+01 +1.0000000e+00 +0.0000000e+00 +9.4900000e-01 -4.0052879e-02 +1.0510000e+00 +4.0052879e-02
+1.7555959e+01 +1.0000000e+00 +0.0000000e+00 +9.4900000e-01 -4.0060792e-02 +1.0510000e+00 +4.0060792e-02
+1.8824679e+01 +1.0000000e+00 +0.0000000e+00 +9.4900000e-01 -4.0069888e-02 +1.0510000e+00 +4.0069888e-02
+2.0185086e+01 +1.0000000e+00 +0.0000000e+00 +9.4900000e-01 -4.0080344e-02 +1.0510000e+00 +4.0080344e-02
+2.1643806e+01 +1.0000000e+00 +0.0000000e+00 +9.4900000e-01 -4.0092363e-02 +1.0510000e+00 +4.0092363e-02
+2.3207944e+01 +1.0000000e+00 +0.0000000e+00 +9.4900000e-01 -4.0106176e-02 +1.0510000e+00 +4.0106176e-02
+2.4885118e+01 +1.0000000e+00 +0.0000000e+00 +9.4900000e-01 -4.0122053e-02 +1.0510000e+00 +4.0122053e-02
+2.6683496e+01 +1.0000000e+00 +0.0000000e+00 +9.4900000e-01 -4.0140299e-02 +1.0510000e+00 +4.0140299e-02
+2.8611838e+01 +1.0000000e+00 +0.0000000e+00 +9.4900000e-01 -4.0161267e-02 +1.0510000e+00 +4.0161267e-02
+3.0679536e+01 +1.0000000e+00 +0.0000000e+00 +9.4900000e-01 -4.0185363e-02 +1.0510000e+00 +4.0185363e-02
+3.2896661e+01 +1.0000000e+00 +0.0000000e+00 +9.4900000e-01 -4.0213048e-02 +1.0510000e+00 +4.0213048e-02
+3.5274012e+01 +1.0000000e+00 +0.0000000e+00 +9.4900000e-01 -4.0244857e-02 +1.0510000e+00 +4.0244857e-02
+3.7823166e+01 +1.0000000e+00 +0.0000000e+00 +9.4900000e-01 -4.0281398e-02 +1.0510000e+00 +4.0281398e-02
+4.0556542e+01 +1.0000000e+00 +0.0000000e+00 +9.4900000e-01 -4.0323370e-02 +1.0510000e+00 +4.0323370e-02
+4.3487450e+01 +1.0000000e+00 +0.0000000e+00 +9.4900000e-01 -4.0371574e-02 +1.0510000e+00 +4.0371574e-02
+4.6630167e+01 +1.0000000e+00 +0.0000000e+00 +9.4900000e-01 -4.0426926e-02 +1.0510000e+00 +4.0426926e-02
+5.0000000e+01 +1.0000000e+00 +0.0000000e+00 +9.4900000e-01 -4.0490473e-02 +1.0510000e+00 +4.0490473e-02
+5.3613361e+01 +1.0000000e+00 +0.0000000e+00 +9.4900000e-01 -4.0563414e-02 +1.0510000e+00 +4.0563414e-02
+5.7487850e+01 +1.0000000e+00 +0.0000000e+00 +9.4900000e-01 -4.0647117e-02 +1.0510000e+00 +4.0647117e-02
+6.1642337e+01 +1.0000000e+00 +0.0000000e+00 +9.4900000e-01 -4.0743143e-02 +1.0510000e+00 +4.0743143e-02
+6.6097057e+01 +1.0000000e+00 +0.0000000e+00 +9.4900000e-01 -4.0853270e-02 +1.0510000e+00 +4.0853270e-02
+7.0873708e+01 +1.0000000e+00 +0.0000000e+00 +9.4900000e-01 -4.0979523e-02 +1.0510000e+00 +4.0979523e-02
+7.5995554e+01 +1.0000000e+00 +0.0000000e+00 +9.4900000e-01 -4.1124205e-02 +1.0510000e+00 +4.1124205e-02
+8.1487542e+01 +1.0000000e+00 +0.0000000e+00 +9.4900000e-01 -4.1289928e-02 +1.0510000e+00 +4.1289928e-02
+8.7376420e+01 +1.0000000e+00 +0.0000000e+00 +9.4900000e-01 -4.1479650e-02 +1.0510000e+00 +4.1479650e-02
+9.3690871e+01 +1.0000000e+00 +0.0000000e+00 +9.4900000e-01 -4.1696718e-02 +1.0510000e+00 +4.1696718e-02
+1.0046165e+02 +1.0000000e+00 +0.0000000e+00 +9.4900000e-01 -4.1944905e-02 +1.0510000e+00 +4.1944905e-02
+1.0772173e+02 +1.0000000e+00 +0.0000000e+00 +9.4900000e-01 -4.2228457e-02 +1.0510000e+00 +4.2228457e-02
+1.1550649e+02 +1.0000000e+00 +0.0000000e+00 +9.4900000e-01 -4.2552138e-02 +1.0510000e+00 +4.2552138e-02
+1.2385382e+02 +1.0000000e+00 +0.0000000e+00 +9.4900000e-01 -4.2921276e-02 +1.0510000e+00 +4.2921276e-02
+1.3280439e+02 +1.0000000e+00 +0.0000000e+00 +9.4900000e-01 -4.3341809e-02 +1.0510000e+00 +4.3341809e-02
+1.4240179e+02 +1.0000000e+00 +0.0000000e+00 +9.4900000e-01 -4.3820333e-02 +1.0510000e+00 +4.3820333e-02
+1.5269278e+02 +1.0000000e+00 +0.0000000e+00 +9.4900000e-01 -4.4364142e-02 +1.0510000e+00 +4.4364142e-02
+1.6372746e+02 +1.0000000e+00 +0.0000000e+00 +9.4900000e-01 -4.4981264e-02 +1.0510000e+00 +4.4981264e-02
+1.7555959e+02 +1.0000000e+00 +0.0000000e+00 +9.4900000e-01 -4.5680504e-02 +1.0510000e+00 +4.5680504e-02
+1.8824679e+02 +1.0000000e+00 +0.0000000e+00 +9.4900000e-01 -4.6471458e-02 +1.0510000e+00 +4.6471458e-02
+2.0185086e+02 +1.0000000e+00 +0.0000000e+00 +9.4900000e-01 -4.7364542e-02 +1.0510000e+00 +4.7364542e-02
+2.1643806e+02 +1.0000000e+00 +0.0000000e+00 +9.4900000e-01 -4.8370998e-02 +1.0510000e+00 +4.8370998e-02
+2.3207944e+02 +1.0000000e+00 +0.0000000e+00 +9.4900000e-01 -4.9502896e-02 +1.0510000e+00 +4.9502896e-02
+2.4885118e+02 +1.0000000e+00 +0.0000000e+00 +9.4900000e-01 -5.0773128e-02 +1.0510000e+00 +5.0773128e-02
+2.6683496e+02 +1.0000000e+00 +0.0000000e+00 +9.4900000e-01 -5.2195397e-02 +1.0510000e+00 +5.2195397e-02
+2.8611838e+02 +1.0000000e+00 +0.0000000e+00 +9.4900000e-01 -5.3784200e-02 +1.0510000e+00 +5.3784200e-02
+3.0679536e+02 +1.0000000e+00 +0.0000000e+00 +9.4900000e-01 -5.5554811e-02 +1.0510000e+00 +5.5554811e-02
+3.2896661e+02 +1.0000000e+00 +0.0000000e+00 +9.4900000e-01 -5.7523269e-02 +1.0510000e+00 +5.7523269e-02
+3.5274012e+02 +1.0000000e+00 +0.0000000e+00 +9.4900000e-01 -5.9706366e-02 +1.0510000e+00 +5.9706366e-02
+3.7823166e+02 +1.0000000e+00 +0.0000000e+00 +9.4900000e-01 -6.2121656e-02 +1.0510000e+00 +6.2121656e-02
+4.0556542e+02 +1.0000000e+00 +0.0000000e+00 +9.4900000e-01 -6.4787470e-02 +1.0510000e+00 +6.4787470e-02
+4.3487450e+02 +1.0000000e+00 +0.0000000e+00 +9.4900000e-01 -6.7722947e-02 +1.0510000e+00 +6.7722947e-02
+4.6630167e+02 +1.0000000e+00 +0.0000000e+00 +9.4900000e-01 -7.0948089e-02 +1.0510000e+00 +7.0948089e-02
+5.0000000e+02 +1.0000000e+00 +0.0000000e+00 +9.4900000e-01 -7.4483836e-02 +1.0510000e+00 +7.4483836e-02
+5.3613361e+02 +1.0000000e+00 +0.0000000e+00 +9.4900000e-01 -7.8352145e-02 +1.0510000e+00 +7.8352145e-02
+5.7487850e+02 +1.0000000e+00 +0.0000000e+00 +9.4900000e-01 -8.2576113e-02 +1.0510000e+00 +8.2576113e-02
+6.1642337e+02 +1.0000000e+00 +0.0000000e+00 +9.4900000e-01 -8.7180092e-02 +1.0510000e+00 +8.7180092e-02
+6.6097057e+02 +1.0000000e+00 +0.0000000e+00 +9.4900000e-01 -9.2189834e-02 +1.0510000e+00 +9.2189834e-02
+7.0873708e+02 +1.0000000e+00 +0.0000000e+00 +9.4900000e-01 -9.7632648e-02 +1.0510000e+00 +9.7632648e-02
+7.5995554e+02 +1.0000000e+00 +0.0000000e+00 +9.4900000e-01 -1.0353756e-01 +1.0510000e+00 +1.0353756e-01
+8.1487542e+02 +1.0000000e+00 +0.0000000e+00 +9.4900000e-01 -1.0993550e-01 +1.0510000e+00 +1.0993550e-01
+8.7376420e+02 +1.0000000e+00 +0.0000000e+00 +9.4900000e-01 -1.1685948e-01 +1.0510000e+00 +1.1685948e-01
+9.3690871e+02 +1.0000000e+00 +0.0000000e+00 +9.4900000e-01 -1.2434480e-01 +1.0510000e+00 +1.2434480e-01
+1.0046165e+03 +1.0000000e+00 +0.0000000e+00 +9.4900000e-01 -1.3242925e-01 +1.0510000e+00 +1.3242925e-01
+1.0772173e+03 +1.0000000e+00 +0.0000000e+00 +9.4900000e-01 -1.4115331e-01 +1.0510000e+00 +1.4115331e-01
