                 0.0                 -0.0
                 1.0                 -0.0
                 2.0                 -0.0
                 3.0                 -0.0
                 4.0                 -0.0
                 5.0                 -0.0
                 6.0                 -0.0
                 7.0                 -0.0
                 8.0                 -0.0
                 9.0                 -0.0
                10.0         7.605378e-06
                11.0       0.000162383081
                12.0       0.000597186978
                13.0       0.001371204794
                14.0       0.002519842511
                15.0       0.004066052828
                16.0       0.006026211614
                17.0       0.008411556852
                18.0       0.011230375888
                19.0       0.014490026912
                20.0       0.018182625461
                21.0       0.022201204973
                22.0       0.026453047921
                23.0       0.030889605561
                24.0       0.035475778623
                25.0       0.040187650329
                26.0       0.045002151533
                27.0       0.049905487909
                28.0       0.054882570977
                29.0       0.059920776514
                30.0       0.065011209643
                31.0       0.070145503112
                32.0       0.075316213603
                33.0        0.08051527972
                34.0       0.085737778508
                35.0       0.090974579156
                36.0       0.096226967467
                37.0       0.101484914217
                38.0       0.106745745901
                39.0       0.112004650483
                40.0       0.117263960484
                41.0       0.122510908305
                42.0       0.127744116539
                43.0       0.132966287131
                44.0       0.138168578753
                45.0       0.143350119716
                46.0       0.148509943262
                47.0       0.153642137857
                48.0       0.158747866257
                49.0       0.163818834377
                50.0       0.168858373641
                51.0       0.173860296871
                52.0       0.178826191653
                53.0       0.183752203028
                54.0       0.188635374233
                55.0       0.193477553257
                56.0       0.198267605528
                57.0       0.203013094971
                58.0       0.207708566081
                59.0         0.2123470485
                60.0       0.216939089237
                61.0       0.221470743012
                62.0       0.225949406716
                63.0       0.230365829517
                64.0       0.234722595918
                65.0        0.23901948068
                66.0        0.24325065549
                67.0       0.247417379596
                68.0        0.25151938973
                69.0       0.255551081127
                70.0       0.259511362823
                71.0       0.263405345353
                72.0       0.267225521229
                73.0       0.270969631188
                74.0       0.274644409136
                75.0       0.278236757895
                76.0       0.281759959179
                77.0       0.285199437932
                78.0       0.288559303127
                79.0       0.291840395183
                80.0       0.295041011091
                81.0       0.298155712645
                82.0        0.30118665116
                83.0       0.304136742725
                84.0       0.306998500998
                85.0       0.309774652479
                86.0       0.312462280236
                87.0       0.315061344815
                88.0       0.317571760702
                89.0       0.319993411238
                90.0       0.322325258714
