# Frequency    Median Mag     Phase (Rad)    -1 Sigma Mag   -1 Sigma Phase +1 Sigma Mag   +1 Sigma Phase
+1.8824679e+01 +1.0016359e+00 -5.2489507e-03 +9.8837506e-01 -1.5404306e-02 +1.0144269e+00 +4.9354144e-03
+2.0185086e+01 +1.0009101e+00 -5.2283993e-03 +9.8780226e-01 -1.5321145e-02 +1.0138429e+00 +4.9230310e-03
+2.1643806e+01 +1.0003118e+00 -5.1328771e-03 +9.8740081e-01 -1.5190957e-02 +1.0132717e+00 +5.1418254e-03
+2.3207944e+01 +9.9991270e-01 -4.9468317e-03 +9.8707169e-01 -1.4981692e-02 +1.0127528e+00 +5.3650808e-03
+2.4885118e+01 +9.9959338e-01 -4.6681549e-03 +9.8674773e-01 -1.4659528e-02 +1.0123411e+00 +5.5824280e-03
+2.6683496e+01 +9.9931455e-01 -4.4005307e-03 +9.8641307e-01 -1.4435320e-02 +1.0121448e+00 +5.7836890e-03
+2.8611838e+01 +9.9920054e-01 -4.1528371e-03 +9.8623790e-01 -1.4093465e-02 +1.0120232e+00 +6.0883134e-03
+3.0679536e+01 +9.9908775e-01 -3.9300528e-03 +9.8623477e-01 -1.3861016e-02 +1.0119409e+00 +6.4421388e-03
+3.2896661e+01 +9.9902458e-01 -3.6355748e-03 +9.8622668e-01 -1.3638069e-02 +1.0119799e+00 +6.6828682e-03
+3.5274012e+01 +9.9920975e-01 -3.4011728e-03 +9.8632238e-01 -1.3581832e-02 +1.0122155e+00 +6.8718478e-03
+3.7823166e+01 +9.9928882e-01 -3.1070034e-03 +9.8625588e-01 -1.3443530e-02 +1.0123731e+00 +7.1331430e-03
+4.0556542e+01 +9.9949431e-01 -2.9671414e-03 +9.8637350e-01 -1.3382372e-02 +1.0124075e+00 +7.4748205e-03
+4.3487450e+01 +9.9962229e-01 -2.8353362e-03 +9.8656097e-01 -1.3463346e-02 +1.0124606e+00 +7.7123015e-03
+4.6630167e+01 +9.9978152e-01 -2.7444237e-03 +9.8652402e-01 -1.3609542e-02 +1.0128494e+00 +7.9641389e-03
+5.0000000e+01 +9.9991318e-01 -2.7426642e-03 +9.8649990e-01 -1.3899885e-02 +1.0130839e+00 +8.0508169e-03
+5.3613361e+01 +1.0000521e+00 -2.7951962e-03 +9.8648115e-01 -1.4086505e-02 +1.0133674e+00 +8.2537411e-03
+5.7487850e+01 +1.0000062e+00 -2.9208517e-03 +9.8648842e-01 -1.4436352e-02 +1.0135153e+00 +8.4995480e-03
+6.1642337e+01 +9.9999287e-01 -2.9369338e-03 +9.8631689e-01 -1.4775449e-02 +1.0135712e+00 +8.7170826e-03
+6.6097057e+01 +9.9994177e-01 -2.8998457e-03 +9.8620381e-01 -1.5061533e-02 +1.0137278e+00 +8.9849083e-03
+7.0873708e+01 +9.9980280e-01 -2.9149670e-03 +9.8586730e-01 -1.5196909e-02 +1.0138460e+00 +9.2731882e-03
+7.5995554e+01 +9.9957828e-01 -2.7768986e-03 +9.8558384e-01 -1.5405677e-02 +1.0138351e+00 +9.6252699e-03
+8.1487542e+01 +9.9939172e-01 -2.5413906e-03 +9.8525293e-01 -1.5400183e-02 +1.0140842e+00 +1.0164018e-02
+8.7376420e+01 +9.9920264e-01 -2.2723531e-03 +9.8486398e-01 -1.5380219e-02 +1.0139582e+00 +1.0723768e-02
+9.3690871e+01 +9.9894573e-01 -1.7677376e-03 +9.8443909e-01 -1.5096019e-02 +1.0140723e+00 +1.1451715e-02
+1.0046165e+02 +9.9882093e-01 -1.1139187e-03 +9.8397281e-01 -1.4725886e-02 +1.0140285e+00 +1.2243191e-02
+1.0772173e+02 +9.9861624e-01 -2.6340599e-04 +9.8374010e-01 -1.4359599e-02 +1.0143934e+00 +1.3207600e-02
+1.1550649e+02 +9.9875949e-01 +6.5318357e-04 +9.8347634e-01 -1.3622193e-02 +1.0145616e+00 +1.4365780e-02
+1.2385382e+02 +9.9925882e-01 +1.6050103e-03 +9.8353035e-01 -1.2907561e-02 +1.0152722e+00 +1.5696080e-02
+1.3280439e+02 +9.9988312e-01 +2.7035285e-03 +9.8381738e-01 -1.1964161e-02 +1.0162929e+00 +1.7042327e-02
+1.4240179e+02 +1.0007985e+00 +3.5797442e-03 +9.8415842e-01 -1.1420423e-02 +1.0176973e+00 +1.8584445e-02
+1.5269278e+02 +1.0021873e+00 +4.2061959e-03 +9.8515429e-01 -1.1219041e-02 +1.0196857e+00 +1.9737757e-02
+1.6372746e+02 +1.0037000e+00 +4.3551234e-03 +9.8648606e-01 -1.1226314e-02 +1.0215306e+00 +2.0084017e-02
+1.7555959e+02 +1.0051025e+00 +3.9416282e-03 +9.8796351e-01 -1.1481274e-02 +1.0227403e+00 +1.9251930e-02
+1.8824679e+02 +1.0061353e+00 +2.9628959e-03 +9.8942563e-01 -1.1509226e-02 +1.0229249e+00 +1.7537792e-02
+2.0185086e+02 +1.0065061e+00 +1.9842139e-03 +9.9062788e-01 -1.1598328e-02 +1.0222092e+00 +1.5633176e-02
+2.1643806e+02 +1.0063314e+00 +1.3821351e-03 +9.9141726e-01 -1.1276403e-02 +1.0210796e+00 +1.3909783e-02
+2.3207944e+02 +1.0060440e+00 +1.0231275e-03 +9.9185800e-01 -1.0690873e-02 +1.0199697e+00 +1.2663123e-02
+2.4885118e+02 +1.0057426e+00 +8.5465485e-04 +9.9219793e-01 -1.0246593e-02 +1.0191935e+00 +1.1832154e-02
+2.6683496e+02 +1.0054193e+00 +8.4856495e-04 +9.9230126e-01 -9.6027782e-03 +1.0184152e+00 +1.1270717e-02
+2.8611838e+02 +1.0051446e+00 +9.7990344e-04 +9.9245222e-01 -8.9777442e-03 +1.0177109e+00 +1.0857139e-02
+3.0679536e+02 +1.0047882e+00 +1.0117401e-03 +9.9256150e-01 -8.4802029e-03 +1.0170923e+00 +1.0527881e-02
+3.2896661e+02 +1.0032554e+00 +5.3962407e-04 +9.9210003e-01 -7.4902744e-03 +1.0143557e+00 +8.4441513e-03
+3.5274012e+02 +1.0045674e+00 +1.6172319e-03 +9.9246414e-01 -7.7163675e-03 +1.0166547e+00 +1.0869120e-02
+3.7823166e+02 +1.0040442e+00 +1.8353828e-03 +9.9225792e-01 -7.2456451e-03 +1.0159274e+00 +1.0720392e-02
+4.0556542e+02 +1.0034982e+00 +2.1538170e-03 +9.9193883e-01 -6.7582821e-03 +1.0152334e+00 +1.0915823e-02
+4.3487450e+02 +1.0026878e+00 +2.6908885e-03 +9.9141373e-01 -6.1533328e-03 +1.0143451e+00 +1.1336360e-02
+4.6630167e+02 +1.0017544e+00 +4.3658499e-03 +9.9002570e-01 -4.8659931e-03 +1.0136141e+00 +1.3852459e-02
+5.0000000e+02 +1.0034152e+00 +4.9903696e-03 +9.9063625e-01 -5.4533415e-03 +1.0160326e+00 +1.5573180e-02
+5.3613361e+02 +1.0042409e+00 +6.6247614e-03 +9.9029932e-01 -5.1869565e-03 +1.0180338e+00 +1.8959029e-02
+5.7487850e+02 +1.0046512e+00 +4.8354603e-03 +9.9116237e-01 -6.4172949e-03 +1.0180035e+00 +1.6082320e-02
+6.1642337e+02 +1.0037492e+00 +4.8674643e-03 +9.9057315e-01 -6.2364737e-03 +1.0169778e+00 +1.5941425e-02
+6.6097057e+02 +1.0032130e+00 +5.3276099e-03 +9.8982075e-01 -6.0888859e-03 +1.0165272e+00 +1.6777166e-02
+7.0873708e+02 +1.0028268e+00 +5.8138672e-03 +9.8914348e-01 -5.9457568e-03 +1.0164625e+00 +1.7873763e-02
+7.5995554e+02 +1.0024966e+00 +6.4978808e-03 +9.8839116e-01 -5.9635119e-03 +1.0167414e+00 +1.9268616e-02
+8.1487542e+02 +1.0023712e+00 +7.2734525e-03 +9.8763204e-01 -6.0534918e-03 +1.0171149e+00 +2.0881154e-02
+8.7376420e+02 +1.0024231e+00 +8.0162967e-03 +9.8715410e-01 -6.2870964e-03 +1.0179814e+00 +2.2649743e-02
+9.3690871e+02 +1.0032794e+00 +8.4442655e-03 +9.8728405e-01 -6.9672112e-03 +1.0196864e+00 +2.4096349e-02
+1.0046165e+03 +1.0026909e+00 +8.3383887e-03 +9.8663945e-01 -7.5159101e-03 +1.0192417e+00 +2.4114757e-02
+1.0772173e+03 +1.0020973e+00 +8.4577222e-03 +9.8556221e-01 -8.0182724e-03 +1.0191393e+00 +2.4814715e-02
