# Frequency    Median Mag     Phase (Rad)    -1 Sigma Mag   -1 Sigma Phase +1 Sigma Mag   +1 Sigma Phase
+2.8611838e+01 +1.0068111e+00 -4.3286154e-03 +9.9355861e-01 -1.4899140e-02 +1.0200111e+00 +6.1777163e-03
+3.0679536e+01 +1.0067478e+00 -4.0631944e-03 +9.9330223e-01 -1.4727403e-02 +1.0199328e+00 +6.5927203e-03
+3.2896661e+01 +1.0067059e+00 -3.7820179e-03 +9.9313729e-01 -1.4681542e-02 +1.0198943e+00 +7.0497529e-03
+3.5274012e+01 +1.0067424e+00 -3.5751928e-03 +9.9295235e-01 -1.4518713e-02 +1.0200362e+00 +7.3524792e-03
+3.7823166e+01 +1.0067897e+00 -3.3499615e-03 +9.9298382e-01 -1.4350039e-02 +1.0201632e+00 +7.6997710e-03
+4.0556542e+01 +1.0069038e+00 -3.2878873e-03 +9.9303362e-01 -1.4240045e-02 +1.0203704e+00 +8.0756839e-03
+4.3487450e+01 +1.0069444e+00 -3.1419226e-03 +9.9309484e-01 -1.4289971e-02 +1.0206636e+00 +8.4502891e-03
+4.6630167e+01 +1.0070389e+00 -2.9794579e-03 +9.9315896e-01 -1.4387859e-02 +1.0209982e+00 +8.6952436e-03
+5.0000000e+01 +1.0071557e+00 -2.9133548e-03 +9.9318112e-01 -1.4529417e-02 +1.0212050e+00 +8.9375453e-03
+5.3613361e+01 +1.0072844e+00 -2.8777319e-03 +9.9330198e-01 -1.4740043e-02 +1.0215348e+00 +9.1591721e-03
+5.7487850e+01 +1.0073297e+00 -2.9665076e-03 +9.9326025e-01 -1.4871211e-02 +1.0216426e+00 +9.4381589e-03
+6.1642337e+01 +1.0073252e+00 -2.8618721e-03 +9.9305436e-01 -1.5143280e-02 +1.0218609e+00 +9.5346412e-03
+6.6097057e+01 +1.0073870e+00 -2.8863133e-03 +9.9289251e-01 -1.5209187e-02 +1.0220174e+00 +9.7014024e-03
+7.0873708e+01 +1.0072197e+00 -2.8215609e-03 +9.9263965e-01 -1.5333814e-02 +1.0220091e+00 +9.9725166e-03
+7.5995554e+01 +1.0072103e+00 -2.7071260e-03 +9.9239047e-01 -1.5254854e-02 +1.0220818e+00 +1.0372871e-02
+8.1487542e+01 +1.0070738e+00 -2.4679918e-03 +9.9216273e-01 -1.5157209e-02 +1.0222676e+00 +1.0814757e-02
+8.7376420e+01 +1.0069389e+00 -2.2017083e-03 +9.9188480e-01 -1.4962079e-02 +1.0221491e+00 +1.1247510e-02
+9.3690871e+01 +1.0068245e+00 -1.5822440e-03 +9.9165145e-01 -1.4641021e-02 +1.0219106e+00 +1.1862678e-02
+1.0046165e+02 +1.0068223e+00 -8.4613185e-04 +9.9147681e-01 -1.4198212e-02 +1.0219908e+00 +1.2541141e-02
+1.0772173e+02 +1.0068364e+00 -1.4255340e-04 +9.9143799e-01 -1.3473607e-02 +1.0223371e+00 +1.3385265e-02
+1.1550649e+02 +1.0069838e+00 +7.0167409e-04 +9.9152392e-01 -1.2748788e-02 +1.0226051e+00 +1.4405971e-02
+1.2385382e+02 +1.0074728e+00 +1.5582380e-03 +9.9167860e-01 -1.2118693e-02 +1.0232649e+00 +1.5382045e-02
+1.3280439e+02 +1.0080865e+00 +2.4198640e-03 +9.9218587e-01 -1.1625708e-02 +1.0241355e+00 +1.6594505e-02
+1.4240179e+02 +1.0090636e+00 +3.2980076e-03 +9.9290605e-01 -1.1058483e-02 +1.0256518e+00 +1.7635303e-02
+1.5269278e+02 +1.0103703e+00 +3.8592930e-03 +9.9377169e-01 -1.0734729e-02 +1.0272999e+00 +1.8586247e-02
+1.6372746e+02 +1.0117221e+00 +3.8949804e-03 +9.9472977e-01 -1.0879610e-02 +1.0290213e+00 +1.8839919e-02
+1.7555959e+02 +1.0129715e+00 +3.4979961e-03 +9.9594662e-01 -1.1220444e-02 +1.0302553e+00 +1.8140368e-02
+1.8824679e+02 +1.0136989e+00 +2.6147654e-03 +9.9733067e-01 -1.1629674e-02 +1.0306956e+00 +1.6730403e-02
+2.0185086e+02 +1.0139986e+00 +1.8308420e-03 +9.9835838e-01 -1.1522882e-02 +1.0303185e+00 +1.4985778e-02
+2.1643806e+02 +1.0137544e+00 +1.1454895e-03 +9.9904157e-01 -1.1316878e-02 +1.0294548e+00 +1.3493428e-02
+2.3207944e+02 +1.0135672e+00 +8.2303445e-04 +9.9945618e-01 -1.0715694e-02 +1.0284273e+00 +1.2397423e-02
+2.4885118e+02 +1.0133344e+00 +6.2881034e-04 +9.9983759e-01 -1.0197428e-02 +1.0274572e+00 +1.1581750e-02
+2.6683496e+02 +1.0130307e+00 +6.5578640e-04 +9.9998321e-01 -9.5518392e-03 +1.0266611e+00 +1.1038534e-02
+2.8611838e+02 +1.0127893e+00 +7.4057531e-04 +1.0001366e+00 -9.0225464e-03 +1.0260057e+00 +1.0683375e-02
+3.0679536e+02 +1.0124972e+00 +8.0586365e-04 +1.0001829e+00 -8.5128909e-03 +1.0252612e+00 +1.0403218e-02
+3.2896661e+02 +1.0109501e+00 +3.5520908e-04 +9.9976245e-01 -7.5479011e-03 +1.0223838e+00 +8.5100842e-03
+3.5274012e+02 +1.0123171e+00 +1.4264294e-03 +1.0001875e+00 -7.8840543e-03 +1.0248723e+00 +1.0981199e-02
+3.7823166e+02 +1.0119460e+00 +1.6097624e-03 +9.9995442e-01 -7.4509413e-03 +1.0241846e+00 +1.0931028e-02
+4.0556542e+02 +1.0113801e+00 +1.8743959e-03 +9.9964097e-01 -6.9006009e-03 +1.0234276e+00 +1.1072044e-02
+4.3487450e+02 +1.0105648e+00 +2.4294841e-03 +9.9912493e-01 -6.2597167e-03 +1.0225396e+00 +1.1418420e-02
+4.6630167e+02 +1.0095867e+00 +4.3292975e-03 +9.9774009e-01 -5.1341498e-03 +1.0218972e+00 +1.3684260e-02
+5.0000000e+02 +1.0111994e+00 +4.8957967e-03 +9.9845036e-01 -5.5952328e-03 +1.0243503e+00 +1.5535302e-02
+5.3613361e+02 +1.0119683e+00 +6.6851791e-03 +9.9795269e-01 -5.4060234e-03 +1.0265381e+00 +1.8873066e-02
+5.7487850e+02 +1.0123909e+00 +4.7642696e-03 +9.9896627e-01 -6.7042884e-03 +1.0263299e+00 +1.6140067e-02
+6.1642337e+02 +1.0113905e+00 +4.9224175e-03 +9.9831817e-01 -6.4505886e-03 +1.0251657e+00 +1.6135367e-02
+6.6097057e+02 +1.0108178e+00 +5.4726137e-03 +9.9753870e-01 -6.2686468e-03 +1.0247492e+00 +1.6988498e-02
+7.0873708e+02 +1.0104081e+00 +6.1463506e-03 +9.9683567e-01 -6.3288867e-03 +1.0246974e+00 +1.8129080e-02
+7.5995554e+02 +1.0101647e+00 +6.8619382e-03 +9.9606174e-01 -6.3581311e-03 +1.0250170e+00 +1.9613398e-02
+8.1487542e+02 +1.0101330e+00 +7.6001868e-03 +9.9531047e-01 -6.5302181e-03 +1.0255668e+00 +2.1204127e-02
+8.7376420e+02 +1.0102426e+00 +8.4414576e-03 +9.9471326e-01 -6.8259449e-03 +1.0264599e+00 +2.3094639e-02
+9.3690871e+02 +1.0109876e+00 +8.7910844e-03 +9.9477688e-01 -7.6684647e-03 +1.0280533e+00 +2.4411625e-02
+1.0046165e+03 +1.0104155e+00 +8.6160627e-03 +9.9409585e-01 -8.1230174e-03 +1.0275420e+00 +2.4571825e-02
+1.0772173e+03 +1.0097562e+00 +8.7652288e-03 +9.9317750e-01 -8.6251278e-03 +1.0273144e+00 +2.5325218e-02
