# Frequency    Median Mag     Phase (Rad)    -1 Sigma Mag   -1 Sigma Phase +1 Sigma Mag   +1 Sigma Phase
+1.8824679e+01 +1.0129152e+00 +1.3101900e-02 +9.8691106e-01 -1.1690921e-02 +1.0391670e+00 +3.7759792e-02
+2.0185086e+01 +1.0140860e+00 +1.1131780e-02 +9.8968656e-01 -1.1601689e-02 +1.0384493e+00 +3.3900225e-02
+2.1643806e+01 +1.0145897e+00 +9.0567430e-03 +9.9182276e-01 -1.1984107e-02 +1.0374820e+00 +3.0731280e-02
+2.3207944e+01 +1.0144940e+00 +7.3742622e-03 +9.9324505e-01 -1.2330071e-02 +1.0363207e+00 +2.7659612e-02
+2.4885118e+01 +1.0142815e+00 +5.8301078e-03 +9.9390779e-01 -1.2852450e-02 +1.0352225e+00 +2.5037754e-02
+2.6683496e+01 +1.0139337e+00 +4.4756389e-03 +9.9426596e-01 -1.3323873e-02 +1.0337923e+00 +2.2891622e-02
+2.8611838e+01 +1.0132047e+00 +3.3680185e-03 +9.9435989e-01 -1.3953964e-02 +1.0322906e+00 +2.0867631e-02
+3.0679536e+01 +1.0123474e+00 +2.4101544e-03 +9.9383013e-01 -1.4247802e-02 +1.0308648e+00 +1.9227499e-02
+3.2896661e+01 +1.0114797e+00 +1.6493803e-03 +9.9344374e-01 -1.4617008e-02 +1.0293421e+00 +1.7855613e-02
+3.5274012e+01 +1.0103994e+00 +9.0079987e-04 +9.9282132e-01 -1.4690716e-02 +1.0279206e+00 +1.6534915e-02
+3.7823166e+01 +1.0093623e+00 +3.5612613e-04 +9.9223411e-01 -1.4856266e-02 +1.0264719e+00 +1.5469757e-02
+4.0556542e+01 +1.0083011e+00 -1.2033291e-04 +9.9147073e-01 -1.4917619e-02 +1.0249444e+00 +1.4635164e-02
+4.3487450e+01 +1.0071378e+00 -4.3773178e-04 +9.9070777e-01 -1.4938345e-02 +1.0233697e+00 +1.3966136e-02
+4.6630167e+01 +1.0060173e+00 -7.2259551e-04 +9.8983679e-01 -1.4728981e-02 +1.0220597e+00 +1.3473266e-02
+5.0000000e+01 +1.0049990e+00 -8.9200023e-04 +9.8908490e-01 -1.4434980e-02 +1.0205240e+00 +1.2987224e-02
+5.3613361e+01 +1.0039341e+00 -9.2762079e-04 +9.8831426e-01 -1.4192418e-02 +1.0193356e+00 +1.2583123e-02
+5.7487850e+01 +1.0028930e+00 -9.3935810e-04 +9.8755341e-01 -1.3837470e-02 +1.0180075e+00 +1.2290543e-02
+6.1642337e+01 +1.0019406e+00 -8.3422609e-04 +9.8689467e-01 -1.3494021e-02 +1.0168094e+00 +1.2041235e-02
+6.6097057e+01 +1.0010798e+00 -6.5654156e-04 +9.8637979e-01 -1.2946125e-02 +1.0156427e+00 +1.1834884e-02
+7.0873708e+01 +1.0003406e+00 -4.5641461e-04 +9.8591760e-01 -1.2371406e-02 +1.0146151e+00 +1.1749443e-02
+7.5995554e+01 +9.9977612e-01 -2.3974351e-04 +9.8559948e-01 -1.1713711e-02 +1.0136949e+00 +1.1638572e-02
+8.1487542e+01 +9.9911754e-01 +4.7746231e-06 +9.8527687e-01 -1.1008110e-02 +1.0127849e+00 +1.1559018e-02
+8.7376420e+01 +9.9864181e-01 +3.2456190e-04 +9.8509051e-01 -1.0330470e-02 +1.0120721e+00 +1.1492887e-02
+9.3690871e+01 +9.9830646e-01 +7.5018710e-04 +9.8499241e-01 -9.6456900e-03 +1.0113753e+00 +1.1461577e-02
+1.0046165e+02 +9.9810801e-01 +1.1172494e-03 +9.8508139e-01 -8.9831344e-03 +1.0108805e+00 +1.1448317e-02
+1.0772173e+02 +9.9793993e-01 +1.4502757e-03 +9.8514561e-01 -8.2823574e-03 +1.0104300e+00 +1.1410019e-02
+1.1550649e+02 +9.9785185e-01 +1.7839109e-03 +9.8546899e-01 -7.5839669e-03 +1.0102681e+00 +1.1437061e-02
+1.2385382e+02 +9.9793851e-01 +2.0048543e-03 +9.8581808e-01 -6.9691829e-03 +1.0101693e+00 +1.1268352e-02
+1.3280439e+02 +9.9814181e-01 +2.1861221e-03 +9.8625449e-01 -6.5041670e-03 +1.0101299e+00 +1.1147947e-02
+1.4240179e+02 +9.9838639e-01 +2.2877182e-03 +9.8672253e-01 -6.0097165e-03 +1.0101771e+00 +1.0986158e-02
+1.5269278e+02 +9.9874019e-01 +2.2810600e-03 +9.8729051e-01 -5.6215317e-03 +1.0101707e+00 +1.0693768e-02
+1.6372746e+02 +9.9897732e-01 +2.2152284e-03 +9.8780828e-01 -5.4744158e-03 +1.0102934e+00 +1.0402585e-02
+1.7555959e+02 +9.9934267e-01 +2.0687209e-03 +9.8832804e-01 -5.4042419e-03 +1.0104831e+00 +9.9255597e-03
+1.8824679e+02 +9.9963352e-01 +1.8207081e-03 +9.8860529e-01 -5.4731068e-03 +1.0106931e+00 +9.4219851e-03
+2.0185086e+02 +9.9972795e-01 +1.5997796e-03 +9.8872317e-01 -5.6828024e-03 +1.0107574e+00 +9.0602224e-03
+2.1643806e+02 +9.9970749e-01 +1.4552225e-03 +9.8868830e-01 -5.8851824e-03 +1.0107172e+00 +8.7794626e-03
+2.3207944e+02 +9.9966268e-01 +1.3319359e-03 +9.8854624e-01 -6.1614210e-03 +1.0105608e+00 +8.7643211e-03
+2.4885118e+02 +9.9952317e-01 +1.3854554e-03 +9.8845560e-01 -6.2920795e-03 +1.0106916e+00 +9.0344828e-03
+2.6683496e+02 +9.9969455e-01 +1.6398174e-03 +9.8838416e-01 -6.3522951e-03 +1.0111398e+00 +9.5269280e-03
+2.8611838e+02 +1.0000866e+00 +2.0070601e-03 +9.8858285e-01 -6.4115617e-03 +1.0122285e+00 +1.0276091e-02
+3.0679536e+02 +1.0013379e+00 +2.0880617e-03 +9.8945346e-01 -6.7691594e-03 +1.0139304e+00 +1.0935976e-02
+3.2896661e+02 +1.0024538e+00 -2.0613505e-03 +9.9022797e-01 -1.0814803e-02 +1.0150020e+00 +7.1118691e-03
+3.5274012e+02 +1.0031087e+00 +6.1090472e-04 +9.9086624e-01 -8.2303481e-03 +1.0156305e+00 +9.7209672e-03
+3.7823166e+02 +1.0038070e+00 -1.7935054e-03 +9.9122409e-01 -1.0979243e-02 +1.0166810e+00 +7.8090530e-03
+4.0556542e+02 +1.0025641e+00 -3.8879419e-03 +9.8984061e-01 -1.3600322e-02 +1.0160302e+00 +6.0457315e-03
+4.3487450e+02 +1.0007390e+00 -4.9738948e-03 +9.8772515e-01 -1.4779261e-02 +1.0140947e+00 +5.2701122e-03
+4.6630167e+02 +9.9745053e-01 -3.7950117e-03 +9.8609798e-01 -1.1744342e-02 +1.0093656e+00 +4.3454311e-03
+5.0000000e+02 +9.9957705e-01 -2.6927881e-03 +9.8821774e-01 -1.0549253e-02 +1.0115693e+00 +5.3266866e-03
+5.3613361e+02 +9.9892829e-01 -3.4160152e-03 +9.8733960e-01 -1.1470119e-02 +1.0109876e+00 +4.8739022e-03
+5.7487850e+02 +1.0009498e+00 -2.9164696e-03 +9.8912642e-01 -1.1529347e-02 +1.0136893e+00 +5.8221011e-03
+6.1642337e+02 +1.0001741e+00 -4.3983139e-03 +9.8809385e-01 -1.3225298e-02 +1.0132641e+00 +4.6847614e-03
+6.6097057e+02 +9.9940540e-01 -4.5947551e-03 +9.8733712e-01 -1.3552768e-02 +1.0124275e+00 +4.4195444e-03
+7.0873708e+02 +9.9911066e-01 -4.4858227e-03 +9.8698648e-01 -1.3562560e-02 +1.0122082e+00 +4.6178074e-03
+7.5995554e+02 +9.9907462e-01 -4.5080482e-03 +9.8675216e-01 -1.3868736e-02 +1.0122136e+00 +4.8277686e-03
+8.1487542e+02 +9.9916740e-01 -4.6414931e-03 +9.8646159e-01 -1.4397226e-02 +1.0125125e+00 +5.0292991e-03
+8.7376420e+02 +9.9924257e-01 -4.8485186e-03 +9.8622103e-01 -1.5045777e-02 +1.0129743e+00 +5.2063103e-03
+9.3690871e+02 +9.9946858e-01 -5.2775944e-03 +9.8600670e-01 -1.5993842e-02 +1.0136871e+00 +5.3427990e-03
+1.0046165e+03 +9.9939628e-01 -5.7289687e-03 +9.8544775e-01 -1.7093356e-02 +1.0140899e+00 +5.3215274e-03
+1.0772173e+03 +9.9939958e-01 -6.1168816e-03 +9.8501959e-01 -1.7976191e-02 +1.0146218e+00 +5.5147137e-03
