# Frequency    Median Mag     Phase (Rad)    -1 Sigma Mag   -1 Sigma Phase +1 Sigma Mag   +1 Sigma Phase
+1.8824679e+01 +1.0131727e+00 +1.3432557e-02 +9.8791950e-01 -1.0932110e-02 +1.0385389e+00 +3.7404143e-02
+2.0185086e+01 +1.0142893e+00 +1.1532495e-02 +9.9056366e-01 -1.1203205e-02 +1.0382542e+00 +3.3678932e-02
+2.1643806e+01 +1.0149958e+00 +9.6662301e-03 +9.9233543e-01 -1.1630410e-02 +1.0373775e+00 +3.0531721e-02
+2.3207944e+01 +1.0150692e+00 +7.9811499e-03 +9.9361599e-01 -1.2092122e-02 +1.0365556e+00 +2.7545765e-02
+2.4885118e+01 +1.0149828e+00 +6.4501181e-03 +9.9432463e-01 -1.2655742e-02 +1.0354147e+00 +2.4875988e-02
+2.6683496e+01 +1.0146963e+00 +5.0846368e-03 +9.9472926e-01 -1.3284062e-02 +1.0342815e+00 +2.2550408e-02
+2.8611838e+01 +1.0140964e+00 +3.8690521e-03 +9.9483406e-01 -1.3878865e-02 +1.0327576e+00 +2.0632083e-02
+3.0679536e+01 +1.0133331e+00 +2.8320929e-03 +9.9465884e-01 -1.4102207e-02 +1.0312904e+00 +1.9095817e-02
+3.2896661e+01 +1.0124358e+00 +1.9442032e-03 +9.9434828e-01 -1.4229484e-02 +1.0297467e+00 +1.7583926e-02
+3.5274012e+01 +1.0115076e+00 +1.0882764e-03 +9.9384878e-01 -1.4333292e-02 +1.0283377e+00 +1.6414216e-02
+3.7823166e+01 +1.0105447e+00 +4.1459205e-04 +9.9325568e-01 -1.4484407e-02 +1.0267730e+00 +1.5217304e-02
+4.0556542e+01 +1.0093523e+00 -7.4771990e-05 +9.9267380e-01 -1.4494023e-02 +1.0253554e+00 +1.4355388e-02
+4.3487450e+01 +1.0081221e+00 -4.9620280e-04 +9.9187348e-01 -1.4573641e-02 +1.0239960e+00 +1.3636529e-02
+4.6630167e+01 +1.0068946e+00 -7.3545045e-04 +9.9116239e-01 -1.4465774e-02 +1.0225154e+00 +1.3019203e-02
+5.0000000e+01 +1.0058833e+00 -8.2451211e-04 +9.9022939e-01 -1.4238068e-02 +1.0212188e+00 +1.2557652e-02
+5.3613361e+01 +1.0049035e+00 -8.4176589e-04 +9.8954811e-01 -1.3988546e-02 +1.0198986e+00 +1.2123332e-02
+5.7487850e+01 +1.0040315e+00 -8.4736773e-04 +9.8881113e-01 -1.3661460e-02 +1.0185842e+00 +1.1841545e-02
+6.1642337e+01 +1.0030996e+00 -7.5417467e-04 +9.8810504e-01 -1.3268289e-02 +1.0173795e+00 +1.1557695e-02
+6.6097057e+01 +1.0022824e+00 -5.6872754e-04 +9.8747877e-01 -1.2799521e-02 +1.0162204e+00 +1.1365622e-02
+7.0873708e+01 +1.0015114e+00 -3.6240981e-04 +9.8710403e-01 -1.2242996e-02 +1.0151969e+00 +1.1234596e-02
+7.5995554e+01 +1.0008449e+00 -1.4008924e-04 +9.8662198e-01 -1.1710659e-02 +1.0142528e+00 +1.1156201e-02
+8.1487542e+01 +1.0002669e+00 +1.6151007e-04 +9.8642065e-01 -1.1013933e-02 +1.0133683e+00 +1.1059748e-02
+8.7376420e+01 +9.9974853e-01 +4.0024762e-04 +9.8624556e-01 -1.0398798e-02 +1.0126804e+00 +1.1051119e-02
+9.3690871e+01 +9.9930933e-01 +7.3251306e-04 +9.8610203e-01 -9.6311005e-03 +1.0120900e+00 +1.1070078e-02
+1.0046165e+02 +9.9907180e-01 +1.0351008e-03 +9.8603310e-01 -8.8430253e-03 +1.0115995e+00 +1.1143439e-02
+1.0772173e+02 +9.9895872e-01 +1.4053901e-03 +9.8623634e-01 -8.1664082e-03 +1.0111791e+00 +1.1075216e-02
+1.1550649e+02 +9.9889199e-01 +1.7171532e-03 +9.8655952e-01 -7.4376416e-03 +1.0109908e+00 +1.1083303e-02
+1.2385382e+02 +9.9900097e-01 +1.9821087e-03 +9.8689724e-01 -6.7827087e-03 +1.0108881e+00 +1.0990386e-02
+1.3280439e+02 +9.9920425e-01 +2.2275005e-03 +9.8739058e-01 -6.2507908e-03 +1.0107871e+00 +1.0829181e-02
+1.4240179e+02 +9.9940967e-01 +2.3162739e-03 +9.8790095e-01 -5.8217135e-03 +1.0108484e+00 +1.0658580e-02
+1.5269278e+02 +9.9973213e-01 +2.3686209e-03 +9.8846720e-01 -5.4815492e-03 +1.0109101e+00 +1.0357446e-02
+1.6372746e+02 +1.0000374e+00 +2.2466963e-03 +9.8893762e-01 -5.3930383e-03 +1.0110951e+00 +1.0059357e-02
+1.7555959e+02 +1.0002891e+00 +2.0435373e-03 +9.8937962e-01 -5.5182356e-03 +1.0112823e+00 +9.6996834e-03
+1.8824679e+02 +1.0004803e+00 +1.8009409e-03 +9.8971650e-01 -5.6099289e-03 +1.0114808e+00 +9.1389396e-03
+2.0185086e+02 +1.0005700e+00 +1.5023186e-03 +9.8991890e-01 -5.7929611e-03 +1.0115259e+00 +8.7718994e-03
+2.1643806e+02 +1.0005946e+00 +1.1971422e-03 +9.8989240e-01 -5.9777972e-03 +1.0115159e+00 +8.4985454e-03
+2.3207944e+02 +1.0005160e+00 +1.1029321e-03 +9.8977580e-01 -6.2371366e-03 +1.0115021e+00 +8.4730990e-03
+2.4885118e+02 +1.0004228e+00 +1.1256241e-03 +9.8957526e-01 -6.2743979e-03 +1.0115413e+00 +8.7271298e-03
+2.6683496e+02 +1.0005016e+00 +1.4162250e-03 +9.8950254e-01 -6.2570811e-03 +1.0117165e+00 +9.2075377e-03
+2.8611838e+02 +1.0010646e+00 +1.7460095e-03 +9.8970760e-01 -6.3482983e-03 +1.0125260e+00 +1.0031197e-02
+3.0679536e+02 +1.0022797e+00 +1.8976178e-03 +9.9048739e-01 -6.7331127e-03 +1.0140566e+00 +1.0655213e-02
+3.2896661e+02 +1.0032568e+00 -1.7576702e-03 +9.9123450e-01 -1.0780603e-02 +1.0154874e+00 +6.9994451e-03
+3.5274012e+02 +1.0039055e+00 +5.8961486e-04 +9.9198435e-01 -8.2088368e-03 +1.0159783e+00 +9.4701554e-03
+3.7823166e+02 +1.0045968e+00 -1.5691670e-03 +9.9222616e-01 -1.1012488e-02 +1.0169201e+00 +7.6113618e-03
+4.0556542e+02 +1.0035678e+00 -3.7075756e-03 +9.9081479e-01 -1.3397945e-02 +1.0161586e+00 +5.9985212e-03
+4.3487450e+02 +1.0017877e+00 -4.4684115e-03 +9.8888925e-01 -1.4549100e-02 +1.0144368e+00 +5.4692052e-03
+4.6630167e+02 +9.9866259e-01 -3.6602011e-03 +9.8736145e-01 -1.1882963e-02 +1.0102370e+00 +4.5576519e-03
+5.0000000e+02 +1.0008159e+00 -2.6426160e-03 +9.8940479e-01 -1.0592673e-02 +1.0122588e+00 +5.4628881e-03
+5.3613361e+02 +1.0001974e+00 -3.3078329e-03 +9.8864420e-01 -1.1567054e-02 +1.0118005e+00 +5.0374996e-03
+5.7487850e+02 +1.0020353e+00 -2.7445184e-03 +9.9026502e-01 -1.1630778e-02 +1.0140465e+00 +6.0661822e-03
+6.1642337e+02 +1.0015937e+00 -4.1259926e-03 +9.8936566e-01 -1.3279509e-02 +1.0137256e+00 +4.9921317e-03
+6.6097057e+02 +1.0007771e+00 -4.4051825e-03 +9.8859901e-01 -1.3674167e-02 +1.0129700e+00 +4.6986037e-03
+7.0873708e+02 +1.0003777e+00 -4.3382691e-03 +9.8824756e-01 -1.3766953e-02 +1.0127591e+00 +4.9070743e-03
+7.5995554e+02 +1.0003013e+00 -4.4102274e-03 +9.8809085e-01 -1.4047280e-02 +1.0128934e+00 +5.1391772e-03
+8.1487542e+02 +1.0003550e+00 -4.5570980e-03 +9.8794253e-01 -1.4513433e-02 +1.0131904e+00 +5.3973499e-03
+8.7376420e+02 +1.0004601e+00 -4.8016353e-03 +9.8771537e-01 -1.5133584e-02 +1.0136445e+00 +5.5692940e-03
+9.3690871e+02 +1.0006514e+00 -5.1374800e-03 +9.8743156e-01 -1.6071753e-02 +1.0143575e+00 +5.6952050e-03
+1.0046165e+03 +1.0005846e+00 -5.6364720e-03 +9.8693867e-01 -1.7083820e-02 +1.0146163e+00 +5.7931591e-03
+1.0772173e+03 +1.0006260e+00 -6.0751759e-03 +9.8657459e-01 -1.8003074e-02 +1.0150215e+00 +5.9755624e-03
