# Frequency    Median Mag     Phase (Rad)    -1 Sigma Mag   -1 Sigma Phase +1 Sigma Mag   +1 Sigma Phase
+1.8824679e+01 +1.0012884e+00 -5.7005319e-03 +9.8863870e-01 -1.5575737e-02 +1.0142963e+00 +4.8040532e-03
+2.0185086e+01 +1.0007309e+00 -5.5444370e-03 +9.8811307e-01 -1.5571353e-02 +1.0136728e+00 +4.8804947e-03
+2.1643806e+01 +1.0001210e+00 -5.3738066e-03 +9.8756912e-01 -1.5476065e-02 +1.0133405e+00 +4.9182107e-03
+2.3207944e+01 +9.9964837e-01 -5.1998202e-03 +9.8703271e-01 -1.5261796e-02 +1.0127661e+00 +5.0698732e-03
+2.4885118e+01 +9.9935438e-01 -5.0086637e-03 +9.8660085e-01 -1.5100590e-02 +1.0125520e+00 +5.3451703e-03
+2.6683496e+01 +9.9910987e-01 -4.7480971e-03 +9.8632344e-01 -1.4787102e-02 +1.0123047e+00 +5.6281392e-03
+2.8611838e+01 +9.9891076e-01 -4.4957327e-03 +9.8609227e-01 -1.4658625e-02 +1.0120036e+00 +5.9287706e-03
+3.0679536e+01 +9.9884177e-01 -4.2162039e-03 +9.8589305e-01 -1.4341122e-02 +1.0119734e+00 +6.3627344e-03
+3.2896661e+01 +9.9873385e-01 -3.9645712e-03 +9.8574884e-01 -1.4159809e-02 +1.0119469e+00 +6.7032376e-03
+3.5274012e+01 +9.9879920e-01 -3.7531109e-03 +9.8586680e-01 -1.3970191e-02 +1.0120369e+00 +7.0909176e-03
+3.7823166e+01 +9.9880893e-01 -3.4676857e-03 +9.8592999e-01 -1.3890366e-02 +1.0120622e+00 +7.3066526e-03
+4.0556542e+01 +9.9894914e-01 -3.2392800e-03 +9.8593847e-01 -1.3862301e-02 +1.0122671e+00 +7.4845692e-03
+4.3487450e+01 +9.9911908e-01 -3.0921357e-03 +9.8603852e-01 -1.3790644e-02 +1.0124601e+00 +7.7032893e-03
+4.6630167e+01 +9.9921427e-01 -2.9135429e-03 +9.8613044e-01 -1.3891630e-02 +1.0126456e+00 +7.9421236e-03
+5.0000000e+01 +9.9939163e-01 -2.8488255e-03 +9.8591115e-01 -1.4121687e-02 +1.0128711e+00 +8.2550422e-03
+5.3613361e+01 +9.9947284e-01 -2.7881018e-03 +9.8590303e-01 -1.4315824e-02 +1.0131936e+00 +8.6085273e-03
+5.7487850e+01 +9.9959932e-01 -2.8237226e-03 +9.8583857e-01 -1.4596638e-02 +1.0135051e+00 +8.9626288e-03
+6.1642337e+01 +9.9964520e-01 -2.7833763e-03 +9.8563161e-01 -1.4813816e-02 +1.0137308e+00 +9.5111121e-03
+6.6097057e+01 +9.9969384e-01 -2.7139704e-03 +9.8556986e-01 -1.5215191e-02 +1.0138578e+00 +9.9592045e-03
+7.0873708e+01 +9.9962739e-01 -2.6300607e-03 +9.8526162e-01 -1.5424946e-02 +1.0139718e+00 +1.0216980e-02
+7.5995554e+01 +9.9942631e-01 -2.4524475e-03 +9.8491231e-01 -1.5533050e-02 +1.0139456e+00 +1.0691751e-02
+8.1487542e+01 +9.9929909e-01 -2.2225329e-03 +9.8458432e-01 -1.5543231e-02 +1.0140046e+00 +1.1167382e-02
+8.7376420e+01 +9.9912530e-01 -2.0079752e-03 +9.8426352e-01 -1.5454846e-02 +1.0140997e+00 +1.1708931e-02
+9.3690871e+01 +9.9896396e-01 -1.4421343e-03 +9.8382512e-01 -1.5126970e-02 +1.0143911e+00 +1.2422198e-02
+1.0046165e+02 +9.9894014e-01 -8.6229268e-04 +9.8345492e-01 -1.4828979e-02 +1.0144148e+00 +1.3269993e-02
+1.0772173e+02 +9.9891623e-01 -8.1649718e-05 +9.8312867e-01 -1.4361509e-02 +1.0148125e+00 +1.4138527e-02
+1.1550649e+02 +9.9904297e-01 +8.2145398e-04 +9.8292592e-01 -1.3753501e-02 +1.0151782e+00 +1.5220546e-02
+1.2385382e+02 +9.9946465e-01 +1.7570564e-03 +9.8293756e-01 -1.2958322e-02 +1.0157574e+00 +1.6447774e-02
+1.3280439e+02 +1.0003614e+00 +2.7719608e-03 +9.8318194e-01 -1.2274282e-02 +1.0168600e+00 +1.7886236e-02
+1.4240179e+02 +1.0013627e+00 +3.7378750e-03 +9.8395751e-01 -1.1755917e-02 +1.0183606e+00 +1.9368325e-02
+1.5269278e+02 +1.0028104e+00 +4.4465428e-03 +9.8476098e-01 -1.1576854e-02 +1.0203056e+00 +2.0310945e-02
+1.6372746e+02 +1.0045840e+00 +4.5071513e-03 +9.8597716e-01 -1.1485154e-02 +1.0222400e+00 +2.0381406e-02
+1.7555959e+02 +1.0059327e+00 +4.0309017e-03 +9.8761620e-01 -1.1819138e-02 +1.0235513e+00 +1.9648787e-02
+1.8824679e+02 +1.0066782e+00 +3.0786050e-03 +9.8896616e-01 -1.1904256e-02 +1.0237948e+00 +1.7936940e-02
+2.0185086e+02 +1.0068943e+00 +1.9847725e-03 +9.9011368e-01 -1.1969210e-02 +1.0231274e+00 +1.5730317e-02
+2.1643806e+02 +1.0067018e+00 +1.1789815e-03 +9.9093892e-01 -1.1573140e-02 +1.0220913e+00 +1.3950969e-02
+2.3207944e+02 +1.0062545e+00 +7.5826821e-04 +9.9145216e-01 -1.0997953e-02 +1.0209766e+00 +1.2703193e-02
+2.4885118e+02 +1.0059569e+00 +6.1457216e-04 +9.9184225e-01 -1.0374886e-02 +1.0199335e+00 +1.1821867e-02
+2.6683496e+02 +1.0056137e+00 +5.9899230e-04 +9.9206979e-01 -9.6941814e-03 +1.0191181e+00 +1.1124819e-02
+2.8611838e+02 +1.0053193e+00 +6.7816565e-04 +9.9220820e-01 -9.1607895e-03 +1.0184432e+00 +1.0723149e-02
+3.0679536e+02 +1.0049468e+00 +7.9790736e-04 +9.9224913e-01 -8.6377734e-03 +1.0177489e+00 +1.0353849e-02
+3.2896661e+02 +1.0032612e+00 +3.0960138e-04 +9.9186783e-01 -7.5350957e-03 +1.0147666e+00 +8.3465840e-03
+3.5274012e+02 +1.0045914e+00 +1.4406019e-03 +9.9212097e-01 -7.8087039e-03 +1.0171655e+00 +1.0978554e-02
+3.7823166e+02 +1.0041526e+00 +1.6039797e-03 +9.9188402e-01 -7.4012650e-03 +1.0165451e+00 +1.0847281e-02
+4.0556542e+02 +1.0036712e+00 +1.9206829e-03 +9.9154111e-01 -6.8610822e-03 +1.0158758e+00 +1.1015259e-02
+4.3487450e+02 +1.0029532e+00 +2.4033824e-03 +9.9107886e-01 -6.2270936e-03 +1.0149295e+00 +1.1419930e-02
+4.6630167e+02 +1.0019468e+00 +4.2354475e-03 +9.8970376e-01 -5.1580065e-03 +1.0140815e+00 +1.3905228e-02
+5.0000000e+02 +1.0035022e+00 +4.9406739e-03 +9.9039245e-01 -5.6614752e-03 +1.0167472e+00 +1.5745808e-02
+5.3613361e+02 +1.0043036e+00 +6.7035430e-03 +9.8980712e-01 -5.4280439e-03 +1.0189933e+00 +1.9159506e-02
+5.7487850e+02 +1.0048290e+00 +4.6245947e-03 +9.9094874e-01 -6.7874650e-03 +1.0187841e+00 +1.6387347e-02
+6.1642337e+02 +1.0038659e+00 +4.7181532e-03 +9.9026242e-01 -6.5461300e-03 +1.0175693e+00 +1.6289173e-02
+6.6097057e+02 +1.0032171e+00 +5.2232631e-03 +9.8953483e-01 -6.3801200e-03 +1.0171274e+00 +1.7106140e-02
+7.0873708e+02 +1.0027757e+00 +5.9049631e-03 +9.8869831e-01 -6.3508373e-03 +1.0170244e+00 +1.8257992e-02
+7.5995554e+02 +1.0024515e+00 +6.5789230e-03 +9.8800347e-01 -6.4529097e-03 +1.0172804e+00 +1.9633249e-02
+8.1487542e+02 +1.0023004e+00 +7.3198266e-03 +9.8725898e-01 -6.5769501e-03 +1.0176482e+00 +2.1396207e-02
+8.7376420e+02 +1.0025100e+00 +8.1341187e-03 +9.8658367e-01 -6.8609820e-03 +1.0185897e+00 +2.3231015e-02
+9.3690871e+02 +1.0034201e+00 +8.4510870e-03 +9.8661140e-01 -7.6588620e-03 +1.0203136e+00 +2.4577605e-02
+1.0046165e+03 +1.0028319e+00 +8.2442088e-03 +9.8583782e-01 -8.2060911e-03 +1.0197512e+00 +2.4746851e-02
+1.0772173e+03 +1.0021857e+00 +8.3294424e-03 +9.8486565e-01 -8.6545199e-03 +1.0194045e+00 +2.5527814e-02
