# Frequency    Median Mag     Phase (Rad)    -1 Sigma Mag   -1 Sigma Phase +1 Sigma Mag   +1 Sigma Phase
+1.8824679e+01 +1.0131637e+00 +1.3396319e-02 +9.8760213e-01 -1.1359508e-02 +1.0396369e+00 +3.7612947e-02
+2.0185086e+01 +1.0143768e+00 +1.1298452e-02 +9.9046077e-01 -1.1548581e-02 +1.0391060e+00 +3.4183261e-02
+2.1643806e+01 +1.0149779e+00 +9.4238903e-03 +9.9244737e-01 -1.1857089e-02 +1.0383423e+00 +3.0807192e-02
+2.3207944e+01 +1.0151110e+00 +7.8100696e-03 +9.9364706e-01 -1.2511595e-02 +1.0373264e+00 +2.7878796e-02
+2.4885118e+01 +1.0151072e+00 +6.2935195e-03 +9.9444766e-01 -1.2960821e-02 +1.0361129e+00 +2.5283433e-02
+2.6683496e+01 +1.0149032e+00 +4.8058082e-03 +9.9472583e-01 -1.3413098e-02 +1.0348587e+00 +2.3066566e-02
+2.8611838e+01 +1.0143288e+00 +3.5117500e-03 +9.9489944e-01 -1.3938236e-02 +1.0336804e+00 +2.1035693e-02
+3.0679536e+01 +1.0134404e+00 +2.5372941e-03 +9.9478169e-01 -1.4345057e-02 +1.0322006e+00 +1.9267489e-02
+3.2896661e+01 +1.0126433e+00 +1.6508376e-03 +9.9424613e-01 -1.4673678e-02 +1.0308284e+00 +1.7655442e-02
+3.5274012e+01 +1.0115201e+00 +1.0038720e-03 +9.9369808e-01 -1.4733461e-02 +1.0292891e+00 +1.6339727e-02
+3.7823166e+01 +1.0104371e+00 +3.7717567e-04 +9.9295331e-01 -1.4800505e-02 +1.0277858e+00 +1.5307510e-02
+4.0556542e+01 +1.0092862e+00 -4.8401995e-05 +9.9242216e-01 -1.4707116e-02 +1.0262615e+00 +1.4313910e-02
+4.3487450e+01 +1.0081114e+00 -4.4365276e-04 +9.9174817e-01 -1.4667649e-02 +1.0246261e+00 +1.3530591e-02
+4.6630167e+01 +1.0069740e+00 -7.8783303e-04 +9.9107787e-01 -1.4524499e-02 +1.0231984e+00 +1.2900010e-02
+5.0000000e+01 +1.0059730e+00 -1.0047257e-03 +9.9039399e-01 -1.4236109e-02 +1.0218196e+00 +1.2367020e-02
+5.3613361e+01 +1.0048793e+00 -1.0451032e-03 +9.8971335e-01 -1.3932661e-02 +1.0204319e+00 +1.2127227e-02
+5.7487850e+01 +1.0037592e+00 -9.5586328e-04 +9.8903575e-01 -1.3531483e-02 +1.0190666e+00 +1.1795236e-02
+6.1642337e+01 +1.0027971e+00 -9.2217095e-04 +9.8829335e-01 -1.3144610e-02 +1.0177913e+00 +1.1570121e-02
+6.6097057e+01 +1.0020256e+00 -7.8141169e-04 +9.8775456e-01 -1.2672243e-02 +1.0166130e+00 +1.1341682e-02
+7.0873708e+01 +1.0011691e+00 -6.2619666e-04 +9.8733535e-01 -1.2104843e-02 +1.0155734e+00 +1.1152129e-02
+7.5995554e+01 +1.0006019e+00 -3.7741769e-04 +9.8686156e-01 -1.1514979e-02 +1.0146684e+00 +1.1102548e-02
+8.1487542e+01 +1.0000129e+00 -3.6784836e-06 +9.8659313e-01 -1.0931350e-02 +1.0137692e+00 +1.1055631e-02
+8.7376420e+01 +9.9958066e-01 +3.6192728e-04 +9.8637269e-01 -1.0172858e-02 +1.0131244e+00 +1.1115094e-02
+9.3690871e+01 +9.9923784e-01 +7.0631788e-04 +9.8630436e-01 -9.5077083e-03 +1.0125068e+00 +1.1142474e-02
+1.0046165e+02 +9.9893637e-01 +1.0796553e-03 +9.8630289e-01 -8.7983146e-03 +1.0120250e+00 +1.1211800e-02
+1.0772173e+02 +9.9881784e-01 +1.4105087e-03 +9.8650798e-01 -8.0469970e-03 +1.0116032e+00 +1.1149607e-02
+1.1550649e+02 +9.9877049e-01 +1.7712942e-03 +9.8665260e-01 -7.3672720e-03 +1.0112396e+00 +1.1074098e-02
+1.2385382e+02 +9.9882786e-01 +2.1135837e-03 +9.8691562e-01 -6.8014413e-03 +1.0111297e+00 +1.1008882e-02
+1.3280439e+02 +9.9905978e-01 +2.3951452e-03 +9.8735445e-01 -6.2491616e-03 +1.0110323e+00 +1.0883167e-02
+1.4240179e+02 +9.9923509e-01 +2.5402012e-03 +9.8782925e-01 -5.8415541e-03 +1.0109762e+00 +1.0733310e-02
+1.5269278e+02 +9.9959598e-01 +2.5887523e-03 +9.8837432e-01 -5.5098498e-03 +1.0110491e+00 +1.0451662e-02
+1.6372746e+02 +9.9991578e-01 +2.4882931e-03 +9.8883480e-01 -5.3188674e-03 +1.0111775e+00 +1.0095457e-02
+1.7555959e+02 +1.0001489e+00 +2.2757369e-03 +9.8922869e-01 -5.2151127e-03 +1.0114012e+00 +9.6939926e-03
+1.8824679e+02 +1.0003871e+00 +1.9736860e-03 +9.8948855e-01 -5.3756920e-03 +1.0115117e+00 +9.3621769e-03
+2.0185086e+02 +1.0004883e+00 +1.6102741e-03 +9.8973626e-01 -5.5279292e-03 +1.0114660e+00 +8.9420896e-03
+2.1643806e+02 +1.0005427e+00 +1.3664411e-03 +9.8972685e-01 -5.7560376e-03 +1.0114746e+00 +8.6217458e-03
+2.3207944e+02 +1.0005466e+00 +1.2819105e-03 +9.8964753e-01 -6.0266882e-03 +1.0114076e+00 +8.5190217e-03
+2.4885118e+02 +1.0004979e+00 +1.3744195e-03 +9.8955214e-01 -6.1753810e-03 +1.0115518e+00 +8.7846210e-03
+2.6683496e+02 +1.0006789e+00 +1.6645318e-03 +9.8944888e-01 -6.1908924e-03 +1.0118615e+00 +9.3154497e-03
+2.8611838e+02 +1.0011505e+00 +1.8980045e-03 +9.8961619e-01 -6.2835329e-03 +1.0126510e+00 +1.0051273e-02
+3.0679536e+02 +1.0023676e+00 +2.0262176e-03 +9.9039476e-01 -6.6581153e-03 +1.0143126e+00 +1.0725399e-02
+3.2896661e+02 +1.0032710e+00 -1.7897630e-03 +9.9106374e-01 -1.0617148e-02 +1.0157785e+00 +6.9561546e-03
+3.5274012e+02 +1.0039094e+00 +7.0598535e-04 +9.9175050e-01 -8.2401265e-03 +1.0164023e+00 +9.4840899e-03
+3.7823166e+02 +1.0045683e+00 -1.5180472e-03 +9.9198809e-01 -1.0996871e-02 +1.0173576e+00 +7.6052490e-03
+4.0556542e+02 +1.0035404e+00 -3.6093572e-03 +9.9062174e-01 -1.3440471e-02 +1.0164061e+00 +5.9006897e-03
+4.3487450e+02 +1.0017468e+00 -4.6244451e-03 +9.8891826e-01 -1.4459250e-02 +1.0149676e+00 +5.3463312e-03
+4.6630167e+02 +9.9863037e-01 -3.5414715e-03 +9.8742411e-01 -1.1570582e-02 +1.0104255e+00 +4.3668230e-03
+5.0000000e+02 +1.0007144e+00 -2.4688332e-03 +9.8945070e-01 -1.0473553e-02 +1.0124112e+00 +5.2733487e-03
+5.3613361e+02 +1.0000572e+00 -3.1713648e-03 +9.8880873e-01 -1.1341666e-02 +1.0119084e+00 +4.7430157e-03
+5.7487850e+02 +1.0020117e+00 -2.7599013e-03 +9.9028280e-01 -1.1398705e-02 +1.0142794e+00 +5.7261727e-03
+6.1642337e+02 +1.0013045e+00 -4.2591911e-03 +9.8945139e-01 -1.3139718e-02 +1.0138438e+00 +4.7111457e-03
+6.6097057e+02 +1.0004474e+00 -4.5403004e-03 +9.8872590e-01 -1.3462285e-02 +1.0131306e+00 +4.5711511e-03
+7.0873708e+02 +1.0001205e+00 -4.4638376e-03 +9.8826424e-01 -1.3585873e-02 +1.0128963e+00 +4.7853939e-03
+7.5995554e+02 +1.0000673e+00 -4.5120689e-03 +9.8810043e-01 -1.3931295e-02 +1.0130272e+00 +5.0747865e-03
+8.1487542e+02 +1.0001622e+00 -4.6251444e-03 +9.8787590e-01 -1.4403873e-02 +1.0134704e+00 +5.2613562e-03
+8.7376420e+02 +1.0002945e+00 -4.8056492e-03 +9.8773212e-01 -1.5028393e-02 +1.0139397e+00 +5.3896917e-03
+9.3690871e+02 +1.0006196e+00 -5.2292487e-03 +9.8753263e-01 -1.5974205e-02 +1.0146002e+00 +5.5349852e-03
+1.0046165e+03 +1.0005202e+00 -5.7832262e-03 +9.8693282e-01 -1.7083928e-02 +1.0149146e+00 +5.4454070e-03
+1.0772173e+03 +1.0005539e+00 -6.2782698e-03 +9.8648544e-01 -1.8066939e-02 +1.0153735e+00 +5.4483732e-03
