   1.0000000e+00   4.7728338e-21
   1.0030759e+00   4.6029416e-21
   1.0061612e+00   4.4391049e-21
   1.0092560e+00   4.2811169e-21
   1.0123603e+00   4.1287777e-21
   1.0154742e+00   3.9818941e-21
   1.0185976e+00   3.8402789e-21
   1.0217307e+00   3.7037512e-21
   1.0248734e+00   3.5721360e-21
   1.0280258e+00   3.4452640e-21
   1.0311878e+00   3.3229716e-21
   1.0343596e+00   3.2051004e-21
   1.0375412e+00   3.0914974e-21
   1.0407325e+00   2.9820148e-21
   1.0439336e+00   2.8765093e-21
   1.0471446e+00   2.7748427e-21
   1.0503655e+00   2.6768813e-21
   1.0535963e+00   2.5824960e-21
   1.0568370e+00   2.4915617e-21
   1.0600877e+00   2.4039579e-21
   1.0633483e+00   2.3195679e-21
   1.0666191e+00   2.2382790e-21
   1.0698998e+00   2.1599823e-21
   1.0731907e+00   2.0845724e-21
   1.0764917e+00   2.0119479e-21
   1.0798028e+00   1.9420103e-21
   1.0831241e+00   1.8746649e-21
   1.0864557e+00   1.8098199e-21
   1.0897974e+00   1.7473868e-21
   1.0931495e+00   1.6872801e-21
   1.0965119e+00   1.6294170e-21
   1.0998846e+00   1.5737179e-21
   1.1032677e+00   1.5201012e-21
   1.1066612e+00   1.4684865e-21
   1.1100651e+00   1.4188012e-21
   1.1134795e+00   1.3709753e-21
   1.1169044e+00   1.3249413e-21
   1.1203398e+00   1.2806342e-21
   1.1237859e+00   1.2379912e-21
   1.1272425e+00   1.1969520e-21
   1.1307097e+00   1.1574583e-21
   1.1341876e+00   1.1194540e-21
   1.1376762e+00   1.0828850e-21
   1.1411755e+00   1.0476991e-21
   1.1446856e+00   1.0138460e-21
   1.1482065e+00   9.8127725e-22
   1.1517382e+00   9.4994609e-22
   1.1552808e+00   9.1980738e-22
   1.1588343e+00   8.9081763e-22
   1.1623987e+00   8.6293488e-22
   1.1659741e+00   8.3611863e-22
   1.1695605e+00   8.1032982e-22
   1.1731579e+00   7.8553075e-22
   1.1767663e+00   7.6168504e-22
   1.1803859e+00   7.3875757e-22
   1.1840166e+00   7.1671444e-22
   1.1876585e+00   6.9552291e-22
   1.1913115e+00   6.7515137e-22
   1.1949758e+00   6.5556930e-22
   1.1986514e+00   6.3674720e-22
   1.2023383e+00   6.1865746e-22
   1.2060365e+00   6.0127548e-22
   1.2097461e+00   5.8457456e-22
   1.2134671e+00   5.6852861e-22
   1.2171996e+00   5.5311244e-22
   1.2209435e+00   5.3830170e-22
   1.2246989e+00   5.2407284e-22
   1.2284659e+00   5.1040313e-22
   1.2322445e+00   4.9727060e-22
   1.2360347e+00   4.8465401e-22
   1.2398366e+00   4.7253284e-22
   1.2436502e+00   4.6088726e-22
   1.2474755e+00   4.4969813e-22
   1.2513125e+00   4.3894694e-22
   1.2551614e+00   4.2861582e-22
   1.2590221e+00   4.1868752e-22
   1.2628946e+00   4.0914537e-22
   1.2667791e+00   3.9997331e-22
   1.2706756e+00   3.9115580e-22
   1.2745840e+00   3.8267788e-22
   1.2785044e+00   3.7452512e-22
   1.2824369e+00   3.6668359e-22
   1.2863815e+00   3.5913990e-22
   1.2903382e+00   3.5188111e-22
   1.2943071e+00   3.4489480e-22
   1.2982882e+00   3.3816899e-22
   1.3022816e+00   3.3169234e-22
   1.3062872e+00   3.2545452e-22
   1.3103052e+00   3.1944486e-22
   1.3143355e+00   3.1365303e-22
   1.3183782e+00   3.0806910e-22
   1.3224333e+00   3.0268354e-22
   1.3265010e+00   2.9748723e-22
   1.3305811e+00   2.9247143e-22
   1.3346738e+00   2.8762777e-22
   1.3387790e+00   2.8294824e-22
   1.3428969e+00   2.7842517e-22
   1.3470275e+00   2.7405125e-22
   1.3511708e+00   2.6981947e-22
   1.3553268e+00   2.6572315e-22
   1.3594956e+00   2.6175592e-22
   1.3636772e+00   2.5791170e-22
   1.3678716e+00   2.5418468e-22
   1.3720790e+00   2.5056936e-22
   1.3762993e+00   2.4706047e-22
   1.3805326e+00   2.4365299e-22
   1.3847790e+00   2.4034218e-22
   1.3890384e+00   2.3712349e-22
   1.3933108e+00   2.3399262e-22
   1.3975965e+00   2.3094549e-22
   1.4018953e+00   2.2797822e-22
   1.4062073e+00   2.2508730e-22
   1.4105326e+00   2.2226923e-22
   1.4148712e+00   2.1952066e-22
   1.4192231e+00   2.1683841e-22
   1.4235885e+00   2.1421947e-22
   1.4279672e+00   2.1166098e-22
   1.4323594e+00   2.0916022e-22
   1.4367652e+00   2.0671465e-22
   1.4411845e+00   2.0432183e-22
   1.4456173e+00   2.0197946e-22
   1.4500639e+00   1.9968538e-22
   1.4545241e+00   1.9743751e-22
   1.4589980e+00   1.9523392e-22
   1.4634856e+00   1.9307275e-22
   1.4679871e+00   1.9095227e-22
   1.4725024e+00   1.8887083e-22
   1.4770316e+00   1.8682686e-22
   1.4815748e+00   1.8481888e-22
   1.4861319e+00   1.8284551e-22
   1.4907030e+00   1.8090541e-22
   1.4952882e+00   1.7899733e-22
   1.4998875e+00   1.7712010e-22
   1.5045009e+00   1.7527261e-22
   1.5091286e+00   1.7345384e-22
   1.5137704e+00   1.7166277e-22
   1.5184266e+00   1.6989844e-22
   1.5230970e+00   1.6815995e-22
   1.5277819e+00   1.6644643e-22
   1.5324811e+00   1.6475709e-22
   1.5371948e+00   1.6309115e-22
   1.5419230e+00   1.6144787e-22
   1.5466657e+00   1.5982658e-22
   1.5514231e+00   1.5822661e-22
   1.5561950e+00   1.5664735e-22
   1.5609817e+00   1.5508821e-22
   1.5657830e+00   1.5354862e-22
   1.5705991e+00   1.5202805e-22
   1.5754301e+00   1.5052601e-22
   1.5802759e+00   1.4904202e-22
   1.5851366e+00   1.4757561e-22
   1.5900122e+00   1.4612636e-22
   1.5949029e+00   1.4469385e-22
   1.5998086e+00   1.4327769e-22
   1.6047294e+00   1.4187752e-22
   1.6096653e+00   1.4049298e-22
   1.6146164e+00   1.3912373e-22
   1.6195827e+00   1.3776945e-22
   1.6245643e+00   1.3642983e-22
   1.6295613e+00   1.3510456e-22
   1.6345736e+00   1.3379337e-22
   1.6396013e+00   1.3249598e-22
   1.6446445e+00   1.3121214e-22
   1.6497031e+00   1.2994159e-22
   1.6547774e+00   1.2868409e-22
   1.6598673e+00   1.2743943e-22
   1.6649728e+00   1.2620737e-22
   1.6700940e+00   1.2498771e-22
   1.6752310e+00   1.2378024e-22
   1.6803837e+00   1.2258478e-22
   1.6855524e+00   1.2140112e-22
   1.6907369e+00   1.2022910e-22
   1.6959373e+00   1.1906854e-22
   1.7011538e+00   1.1791926e-22
   1.7063863e+00   1.1678111e-22
   1.7116349e+00   1.1565394e-22
   1.7168997e+00   1.1453759e-22
   1.7221806e+00   1.1343191e-22
   1.7274778e+00   1.1233677e-22
   1.7327913e+00   1.1125201e-22
   1.7381211e+00   1.1017752e-22
   1.7434673e+00   1.0911316e-22
   1.7488300e+00   1.0805880e-22
   1.7542091e+00   1.0701433e-22
   1.7596048e+00   1.0597961e-22
   1.7650171e+00   1.0495455e-22
   1.7704460e+00   1.0393901e-22
   1.7758917e+00   1.0293290e-22
   1.7813541e+00   1.0193611e-22
   1.7868333e+00   1.0094853e-22
   1.7923293e+00   9.9970060e-23
   1.7978423e+00   9.9000600e-23
   1.8033722e+00   9.8040053e-23
   1.8089191e+00   9.7088324e-23
   1.8144831e+00   9.6145320e-23
   1.8200642e+00   9.5210949e-23
   1.8256624e+00   9.4285123e-23
   1.8312779e+00   9.3367753e-23
   1.8369106e+00   9.2458753e-23
   1.8425607e+00   9.1558039e-23
   1.8482282e+00   9.0665529e-23
   1.8539131e+00   8.9781140e-23
   1.8596154e+00   8.8904793e-23
   1.8653353e+00   8.8036410e-23
   1.8710728e+00   8.7175913e-23
   1.8768280e+00   8.6323226e-23
   1.8826009e+00   8.5478276e-23
   1.8883915e+00   8.4640988e-23
   1.8941999e+00   8.3811291e-23
   1.9000262e+00   8.2989112e-23
   1.9058704e+00   8.2174383e-23
   1.9117326e+00   8.1367034e-23
   1.9176128e+00   8.0566997e-23
   1.9235111e+00   7.9774205e-23
   1.9294276e+00   7.8988592e-23
   1.9353622e+00   7.8210092e-23
   1.9413151e+00   7.7438641e-23
   1.9472863e+00   7.6674175e-23
   1.9532759e+00   7.5916632e-23
   1.9592839e+00   7.5165949e-23
   1.9653104e+00   7.4422066e-23
   1.9713554e+00   7.3684921e-23
   1.9774190e+00   7.2954455e-23
   1.9835012e+00   7.2230610e-23
   1.9896022e+00   7.1513325e-23
   1.9957219e+00   7.0802545e-23
   2.0018605e+00   7.0098212e-23
   2.0080179e+00   6.9400270e-23
   2.0141943e+00   6.8708662e-23
   2.0203897e+00   6.8023335e-23
   2.0266041e+00   6.7344233e-23
   2.0328377e+00   6.6671302e-23
   2.0390904e+00   6.6004489e-23
   2.0453623e+00   6.5343741e-23
   2.0516536e+00   6.4689007e-23
   2.0579642e+00   6.4040233e-23
   2.0642942e+00   6.3397370e-23
   2.0706437e+00   6.2760366e-23
   2.0770127e+00   6.2129171e-23
   2.0834013e+00   6.1503736e-23
   2.0898095e+00   6.0884011e-23
   2.0962375e+00   6.0269948e-23
   2.1026852e+00   5.9661498e-23
   2.1091528e+00   5.9058614e-23
   2.1156402e+00   5.8461248e-23
   2.1221476e+00   5.7869354e-23
   2.1286750e+00   5.7282886e-23
   2.1352226e+00   5.6701796e-23
   2.1417902e+00   5.6126040e-23
   2.1483780e+00   5.5555573e-23
   2.1549861e+00   5.4990349e-23
   2.1616146e+00   5.4430325e-23
   2.1682634e+00   5.3875457e-23
   2.1749327e+00   5.3325701e-23
   2.1816224e+00   5.2781014e-23
   2.1883328e+00   5.2241353e-23
   2.1950638e+00   5.1706676e-23
   2.2018155e+00   5.1176942e-23
   2.2085880e+00   5.0652108e-23
   2.2153813e+00   5.0132133e-23
   2.2221955e+00   4.9616976e-23
   2.2290306e+00   4.9106598e-23
   2.2358868e+00   4.8600957e-23
   2.2427641e+00   4.8100014e-23
   2.2496625e+00   4.7603730e-23
   2.2565822e+00   4.7112065e-23
   2.2635231e+00   4.6624981e-23
   2.2704854e+00   4.6142439e-23
   2.2774691e+00   4.5664401e-23
   2.2844742e+00   4.5190830e-23
   2.2915009e+00   4.4721687e-23
   2.2985493e+00   4.4256936e-23
   2.3056193e+00   4.3796540e-23
   2.3127110e+00   4.3340462e-23
   2.3198246e+00   4.2888666e-23
   2.3269601e+00   4.2441116e-23
   2.3341175e+00   4.1997777e-23
   2.3412969e+00   4.1558613e-23
   2.3484984e+00   4.1123589e-23
   2.3557220e+00   4.0692671e-23
   2.3629679e+00   4.0265823e-23
   2.3702360e+00   3.9843012e-23
   2.3775265e+00   3.9424204e-23
   2.3848395e+00   3.9009366e-23
   2.3921749e+00   3.8598463e-23
   2.3995329e+00   3.8191463e-23
   2.4069135e+00   3.7788333e-23
   2.4143168e+00   3.7389041e-23
   2.4217429e+00   3.6993554e-23
   2.4291919e+00   3.6601840e-23
   2.4366637e+00   3.6213867e-23
   2.4441586e+00   3.5829604e-23
   2.4516764e+00   3.5449021e-23
   2.4592175e+00   3.5072084e-23
   2.4667817e+00   3.4698765e-23
   2.4743691e+00   3.4329032e-23
   2.4819799e+00   3.3962856e-23
   2.4896142e+00   3.3600205e-23
   2.4972719e+00   3.3241051e-23
   2.5049531e+00   3.2885364e-23
   2.5126580e+00   3.2533114e-23
   2.5203866e+00   3.2184273e-23
   2.5281389e+00   3.1838811e-23
   2.5359151e+00   3.1496700e-23
   2.5437152e+00   3.1157912e-23
   2.5515393e+00   3.0822418e-23
   2.5593875e+00   3.0490191e-23
   2.5672598e+00   3.0161202e-23
   2.5751563e+00   2.9835424e-23
   2.5830772e+00   2.9512831e-23
   2.5910223e+00   2.9193393e-23
   2.5989920e+00   2.8877086e-23
   2.6069861e+00   2.8563882e-23
   2.6150048e+00   2.8253755e-23
   2.6230482e+00   2.7946678e-23
   2.6311163e+00   2.7642625e-23
   2.6392092e+00   2.7341571e-23
   2.6473271e+00   2.7043489e-23
   2.6554699e+00   2.6748355e-23
   2.6636377e+00   2.6456143e-23
   2.6718307e+00   2.6166828e-23
   2.6800489e+00   2.5880385e-23
   2.6882923e+00   2.5596790e-23
   2.6965611e+00   2.5316017e-23
   2.7048554e+00   2.5038043e-23
   2.7131751e+00   2.4762843e-23
   2.7215205e+00   2.4490394e-23
   2.7298915e+00   2.4220671e-23
   2.7382882e+00   2.3953651e-23
   2.7467108e+00   2.3689311e-23
   2.7551593e+00   2.3427628e-23
   2.7636338e+00   2.3168577e-23
   2.7721343e+00   2.2912137e-23
   2.7806610e+00   2.2658285e-23
   2.7892139e+00   2.2406998e-23
   2.7977932e+00   2.2158254e-23
   2.8063988e+00   2.1912030e-23
   2.8150309e+00   2.1668305e-23
   2.8236895e+00   2.1427056e-23
   2.8323748e+00   2.1188262e-23
   2.8410868e+00   2.0951902e-23
   2.8498255e+00   2.0717953e-23
   2.8585912e+00   2.0486395e-23
   2.8673838e+00   2.0257207e-23
   2.8762035e+00   2.0030368e-23
   2.8850503e+00   1.9805856e-23
   2.8939243e+00   1.9583652e-23
   2.9028256e+00   1.9363734e-23
   2.9117543e+00   1.9146084e-23
   2.9207104e+00   1.8930679e-23
   2.9296941e+00   1.8717501e-23
   2.9387054e+00   1.8506529e-23
   2.9477444e+00   1.8297744e-23
   2.9568113e+00   1.8091127e-23
   2.9659060e+00   1.7886657e-23
   2.9750287e+00   1.7684316e-23
   2.9841795e+00   1.7484084e-23
   2.9933584e+00   1.7285942e-23
   3.0025656e+00   1.7089873e-23
   3.0118010e+00   1.6895855e-23
   3.0210649e+00   1.6703872e-23
   3.0303573e+00   1.6513905e-23
   3.0396782e+00   1.6325936e-23
   3.0490278e+00   1.6139945e-23
   3.0584062e+00   1.5955916e-23
   3.0678134e+00   1.5773831e-23
   3.0772496e+00   1.5593671e-23
   3.0867148e+00   1.5415418e-23
   3.0962091e+00   1.5239057e-23
   3.1057326e+00   1.5064568e-23
   3.1152853e+00   1.4891935e-23
   3.1248675e+00   1.4721141e-23
   3.1344792e+00   1.4552169e-23
   3.1441204e+00   1.4385001e-23
   3.1537913e+00   1.4219621e-23
   3.1634919e+00   1.4056013e-23
   3.1732223e+00   1.3894160e-23
   3.1829827e+00   1.3734045e-23
   3.1927731e+00   1.3575653e-23
   3.2025936e+00   1.3418966e-23
   3.2124443e+00   1.3263970e-23
   3.2223254e+00   1.3110648e-23
   3.2322368e+00   1.2958984e-23
   3.2421787e+00   1.2808963e-23
   3.2521512e+00   1.2660569e-23
   3.2621543e+00   1.2513787e-23
   3.2721882e+00   1.2368602e-23
   3.2822530e+00   1.2224997e-23
   3.2923488e+00   1.2082959e-23
   3.3024756e+00   1.1942472e-23
   3.3126335e+00   1.1803521e-23
   3.3228227e+00   1.1666092e-23
   3.3330432e+00   1.1530169e-23
   3.3432952e+00   1.1395739e-23
   3.3535787e+00   1.1262787e-23
   3.3638938e+00   1.1131298e-23
   3.3742407e+00   1.1001259e-23
   3.3846194e+00   1.0872654e-23
   3.3950300e+00   1.0745472e-23
   3.4054726e+00   1.0619696e-23
   3.4159474e+00   1.0495314e-23
   3.4264543e+00   1.0372312e-23
   3.4369936e+00   1.0250676e-23
   3.4475653e+00   1.0130393e-23
   3.4581695e+00   1.0011449e-23
   3.4688064e+00   9.8938321e-24
   3.4794759e+00   9.7775277e-24
   3.4901783e+00   9.6625233e-24
   3.5009136e+00   9.5488058e-24
   3.5116819e+00   9.4363624e-24
   3.5224834e+00   9.3251804e-24
   3.5333180e+00   9.2152470e-24
   3.5441860e+00   9.1065497e-24
   3.5550874e+00   8.9990760e-24
   3.5660224e+00   8.8928136e-24
   3.5769909e+00   8.7877502e-24
   3.5879932e+00   8.6838735e-24
   3.5990294e+00   8.5811715e-24
   3.6100995e+00   8.4796323e-24
   3.6212037e+00   8.3792438e-24
   3.6323420e+00   8.2799944e-24
   3.6435145e+00   8.1818723e-24
   3.6547215e+00   8.0848659e-24
   3.6659629e+00   7.9889637e-24
   3.6772389e+00   7.8941542e-24
   3.6885495e+00   7.8004262e-24
   3.6998950e+00   7.7077683e-24
   3.7112753e+00   7.6161694e-24
   3.7226907e+00   7.5256186e-24
   3.7341412e+00   7.4361047e-24
   3.7456268e+00   7.3476170e-24
   3.7571479e+00   7.2601446e-24
   3.7687043e+00   7.1736768e-24
   3.7802963e+00   7.0882031e-24
   3.7919240e+00   7.0037128e-24
   3.8035874e+00   6.9201957e-24
   3.8152867e+00   6.8376413e-24
   3.8270220e+00   6.7560393e-24
   3.8387933e+00   6.6753796e-24
   3.8506009e+00   6.5956522e-24
   3.8624448e+00   6.5168470e-24
   3.8743251e+00   6.4389541e-24
   3.8862420e+00   6.3619636e-24
   3.8981955e+00   6.2858660e-24
   3.9101858e+00   6.2106514e-24
   3.9222130e+00   6.1363103e-24
   3.9342772e+00   6.0628332e-24
   3.9463785e+00   5.9902108e-24
   3.9585170e+00   5.9184337e-24
   3.9706928e+00   5.8474926e-24
   3.9829061e+00   5.7773785e-24
   3.9951569e+00   5.7080822e-24
   4.0074455e+00   5.6395948e-24
   4.0197718e+00   5.5719074e-24
   4.0321361e+00   5.5050111e-24
   4.0445383e+00   5.4388971e-24
   4.0569788e+00   5.3735569e-24
   4.0694575e+00   5.3089818e-24
   4.0819745e+00   5.2451634e-24
   4.0945301e+00   5.1820932e-24
   4.1071243e+00   5.1197629e-24
   4.1197572e+00   5.0581642e-24
   4.1324290e+00   4.9972889e-24
   4.1451398e+00   4.9371290e-24
   4.1578896e+00   4.8776764e-24
   4.1706787e+00   4.8189231e-24
   4.1835071e+00   4.7608613e-24
   4.1963750e+00   4.7034832e-24
   4.2092825e+00   4.6467811e-24
   4.2222296e+00   4.5907473e-24
   4.2352166e+00   4.5353744e-24
   4.2482435e+00   4.4806547e-24
   4.2613105e+00   4.4265809e-24
   4.2744177e+00   4.3731456e-24
   4.2875652e+00   4.3203417e-24
   4.3007531e+00   4.2681619e-24
   4.3139816e+00   4.2165991e-24
   4.3272508e+00   4.1656462e-24
   4.3405608e+00   4.1152964e-24
   4.3539118e+00   4.0655428e-24
   4.3673038e+00   4.0163784e-24
   4.3807370e+00   3.9677967e-24
   4.3942115e+00   3.9197908e-24
   4.4077275e+00   3.8723544e-24
   4.4212851e+00   3.8254807e-24
   4.4348843e+00   3.7791634e-24
   4.4485254e+00   3.7333962e-24
   4.4622084e+00   3.6881726e-24
   4.4759335e+00   3.6434865e-24
   4.4897009e+00   3.5993317e-24
   4.5035105e+00   3.5557022e-24
   4.5173627e+00   3.5125919e-24
   4.5312575e+00   3.4699948e-24
   4.5451950e+00   3.4279052e-24
   4.5591753e+00   3.3863171e-24
   4.5731987e+00   3.3452249e-24
   4.5872652e+00   3.3046229e-24
   4.6013750e+00   3.2645055e-24
   4.6155282e+00   3.2248671e-24
   4.6297249e+00   3.1857024e-24
   4.6439653e+00   3.1470058e-24
   4.6582494e+00   3.1087722e-24
   4.6725776e+00   3.0709962e-24
   4.6869497e+00   3.0336726e-24
   4.7013661e+00   2.9967964e-24
   4.7158269e+00   2.9603624e-24
   4.7303321e+00   2.9243657e-24
   4.7448819e+00   2.8888014e-24
   4.7594765e+00   2.8536646e-24
   4.7741160e+00   2.8189506e-24
   4.7888005e+00   2.7846545e-24
   4.8035301e+00   2.7507718e-24
   4.8183051e+00   2.7172978e-24
   4.8331255e+00   2.6842280e-24
   4.8479915e+00   2.6515580e-24
   4.8629033e+00   2.6192834e-24
   4.8778609e+00   2.5873998e-24
   4.8928645e+00   2.5559029e-24
   4.9079142e+00   2.5247886e-24
   4.9230103e+00   2.4940527e-24
   4.9381528e+00   2.4636911e-24
   4.9533418e+00   2.4336998e-24
   4.9685776e+00   2.4040748e-24
   4.9838602e+00   2.3748123e-24
   4.9991899e+00   2.3459084e-24
   5.0145667e+00   2.3173594e-24
   5.0299908e+00   2.2891615e-24
   5.0454623e+00   2.2613110e-24
   5.0609814e+00   2.2338045e-24
   5.0765483e+00   2.2066383e-24
   5.0921630e+00   2.1798090e-24
   5.1078258e+00   2.1533132e-24
   5.1235368e+00   2.1271475e-24
   5.1392960e+00   2.1013087e-24
   5.1551038e+00   2.0757935e-24
   5.1709601e+00   2.0505988e-24
   5.1868653e+00   2.0257214e-24
   5.2028193e+00   2.0011582e-24
   5.2188225e+00   1.9769064e-24
   5.2348748e+00   1.9529629e-24
   5.2509766e+00   1.9293248e-24
   5.2671278e+00   1.9059894e-24
   5.2833288e+00   1.8829538e-24
   5.2995795e+00   1.8602154e-24
   5.3158803e+00   1.8377714e-24
   5.3322312e+00   1.8156194e-24
   5.3486324e+00   1.7937566e-24
   5.3650840e+00   1.7721808e-24
   5.3815862e+00   1.7508893e-24
   5.3981392e+00   1.7298798e-24
   5.4147431e+00   1.7091500e-24
   5.4313981e+00   1.6886977e-24
   5.4481043e+00   1.6685205e-24
   5.4648619e+00   1.6486163e-24
   5.4816711e+00   1.6289829e-24
   5.4985319e+00   1.6096184e-24
   5.5154446e+00   1.5905207e-24
   5.5324093e+00   1.5716878e-24
   5.5494262e+00   1.5531178e-24
   5.5664955e+00   1.5348088e-24
   5.5836172e+00   1.5167590e-24
   5.6007916e+00   1.4989665e-24
   5.6180189e+00   1.4814298e-24
   5.6352991e+00   1.4641471e-24
   5.6526325e+00   1.4471167e-24
   5.6700192e+00   1.4303370e-24
   5.6874594e+00   1.4138066e-24
   5.7049532e+00   1.3975238e-24
   5.7225008e+00   1.3814872e-24
   5.7401024e+00   1.3656955e-24
   5.7577581e+00   1.3501471e-24
   5.7754682e+00   1.3348407e-24
   5.7932327e+00   1.3197751e-24
   5.8110519e+00   1.3049490e-24
   5.8289258e+00   1.2903610e-24
   5.8468548e+00   1.2760100e-24
   5.8648389e+00   1.2618949e-24
   5.8828783e+00   1.2480144e-24
   5.9009732e+00   1.2343675e-24
   5.9191237e+00   1.2209530e-24
   5.9373301e+00   1.2077699e-24
   5.9555925e+00   1.1948172e-24
   5.9739111e+00   1.1820938e-24
   5.9922860e+00   1.1695988e-24
   6.0107174e+00   1.1573311e-24
   6.0292055e+00   1.1452898e-24
   6.0477505e+00   1.1334740e-24
   6.0663525e+00   1.1218827e-24
   6.0850117e+00   1.1105151e-24
   6.1037284e+00   1.0993701e-24
   6.1225026e+00   1.0884469e-24
   6.1413345e+00   1.0777446e-24
   6.1602244e+00   1.0672623e-24
   6.1791724e+00   1.0569990e-24
   6.1981786e+00   1.0469540e-24
   6.2172433e+00   1.0371263e-24
   6.2363667e+00   1.0275149e-24
   6.2555489e+00   1.0181189e-24
   6.2747901e+00   1.0089374e-24
   6.2940904e+00   9.9996953e-25
   6.3134501e+00   9.9121418e-25
   6.3328694e+00   9.8267042e-25
   6.3523484e+00   9.7433723e-25
   6.3718874e+00   9.6621355e-25
   6.3914864e+00   9.5829834e-25
   6.4111457e+00   9.5059048e-25
   6.4308655e+00   9.4308885e-25
   6.4506459e+00   9.3579228e-25
   6.4704871e+00   9.2869957e-25
   6.4903894e+00   9.2180947e-25
   6.5103530e+00   9.1512070e-25
   6.5303779e+00   9.0863194e-25
   6.5504644e+00   9.0234181e-25
   6.5706127e+00   8.9624890e-25
   6.5908230e+00   8.9035173e-25
   6.6110954e+00   8.8464880e-25
   6.6314302e+00   8.7913854e-25
   6.6518275e+00   8.7381933e-25
   6.6722876e+00   8.6868950e-25
   6.6928106e+00   8.6374733e-25
   6.7133968e+00   8.5899104e-25
   6.7340462e+00   8.5441879e-25
   6.7547592e+00   8.5002871e-25
   6.7755359e+00   8.4581886e-25
   6.7963764e+00   8.4178724e-25
   6.8172811e+00   8.3793180e-25
   6.8382501e+00   8.3425046e-25
   6.8592836e+00   8.3074105e-25
   6.8803818e+00   8.2740138e-25
   6.9015449e+00   8.2422920e-25
   6.9227730e+00   8.2122221e-25
   6.9440665e+00   8.1837806e-25
   6.9654255e+00   8.1569438e-25
   6.9868501e+00   8.1316873e-25
   7.0083407e+00   8.1079863e-25
   7.0298973e+00   8.0858158e-25
   7.0515203e+00   8.0651504e-25
   7.0732098e+00   8.0459643e-25
   7.0949660e+00   8.0282313e-25
   7.1167891e+00   8.0119252e-25
   7.1386793e+00   7.9970192e-25
   7.1606369e+00   7.9834865e-25
   7.1826620e+00   7.9713002e-25
   7.2047548e+00   7.9604329e-25
   7.2269156e+00   7.9508573e-25
   7.2491446e+00   7.9425459e-25
   7.2714419e+00   7.9354712e-25
   7.2938079e+00   7.9296056e-25
   7.3162426e+00   7.9249214e-25
   7.3387463e+00   7.9213910e-25
   7.3613192e+00   7.9189868e-25
   7.3839616e+00   7.9176812e-25
   7.4066736e+00   7.9174467e-25
   7.4294555e+00   7.9182559e-25
   7.4523074e+00   7.9200817e-25
   7.4752297e+00   7.9228970e-25
   7.4982224e+00   7.9266748e-25
   7.5212859e+00   7.9313883e-25
   7.5444203e+00   7.9370112e-25
   7.5676259e+00   7.9435172e-25
   7.5909028e+00   7.9508802e-25
   7.6142514e+00   7.9590745e-25
   7.6376717e+00   7.9680747e-25
   7.6611641e+00   7.9778557e-25
   7.6847288e+00   7.9883925e-25
   7.7083659e+00   7.9996608e-25
   7.7320757e+00   8.0116364e-25
   7.7558585e+00   8.0242954e-25
   7.7797144e+00   8.0376146e-25
   7.8036437e+00   8.0515706e-25
   7.8276466e+00   8.0661410e-25
   7.8517233e+00   8.0813034e-25
   7.8758741e+00   8.0970359e-25
   7.9000992e+00   8.1133170e-25
   7.9243988e+00   8.1301255e-25
   7.9487731e+00   8.1474408e-25
   7.9732224e+00   8.1652424e-25
   7.9977469e+00   8.1835106e-25
   8.0223468e+00   8.2022259e-25
   8.0470224e+00   8.2213690e-25
   8.0717739e+00   8.2409214e-25
   8.0966016e+00   8.2608646e-25
   8.1215056e+00   8.2811810e-25
   8.1464861e+00   8.3018529e-25
   8.1715436e+00   8.3228632e-25
   8.1966781e+00   8.3441954e-25
   8.2218899e+00   8.3658329e-25
   8.2471793e+00   8.3877601e-25
   8.2725464e+00   8.4099612e-25
   8.2979916e+00   8.4324212e-25
   8.3235150e+00   8.4551252e-25
   8.3491170e+00   8.4780588e-25
   8.3747977e+00   8.5012079e-25
   8.4005574e+00   8.5245590e-25
   8.4263963e+00   8.5480985e-25
   8.4523147e+00   8.5718135e-25
   8.4783128e+00   8.5956912e-25
   8.5043909e+00   8.6197195e-25
   8.5305492e+00   8.6438862e-25
   8.5567880e+00   8.6681796e-25
   8.5831074e+00   8.6925884e-25
   8.6095078e+00   8.7171014e-25
   8.6359895e+00   8.7417080e-25
   8.6625525e+00   8.7663976e-25
   8.6891973e+00   8.7911601e-25
   8.7159241e+00   8.8159854e-25
   8.7427330e+00   8.8408641e-25
   8.7696244e+00   8.8657867e-25
   8.7965985e+00   8.8907441e-25
   8.8236556e+00   8.9157275e-25
   8.8507959e+00   8.9407282e-25
   8.8780197e+00   8.9657380e-25
   8.9053272e+00   8.9907487e-25
   8.9327188e+00   9.0157525e-25
   8.9601945e+00   9.0407416e-25
   8.9877548e+00   9.0657087e-25
   9.0153999e+00   9.0906466e-25
   9.0431300e+00   9.1155482e-25
   9.0709454e+00   9.1404069e-25
   9.0988463e+00   9.1652159e-25
   9.1268331e+00   9.1899690e-25
   9.1549059e+00   9.2146599e-25
   9.1830651e+00   9.2392826e-25
   9.2113109e+00   9.2638313e-25
   9.2396436e+00   9.2883005e-25
   9.2680634e+00   9.3126846e-25
   9.2965707e+00   9.3369784e-25
   9.3251656e+00   9.3611769e-25
   9.3538485e+00   9.3852751e-25
   9.3826196e+00   9.4092684e-25
   9.4114792e+00   9.4331523e-25
   9.4404276e+00   9.4569224e-25
   9.4694650e+00   9.4805748e-25
   9.4985917e+00   9.5041055e-25
   9.5278080e+00   9.5275110e-25
   9.5571142e+00   9.5507881e-25
   9.5865105e+00   9.5739337e-25
   9.6159973e+00   9.5969454e-25
   9.6455747e+00   9.6198208e-25
   9.6752431e+00   9.6425583e-25
   9.7050028e+00   9.6651563e-25
   9.7348540e+00   9.6876135e-25
   9.7647970e+00   9.7099277e-25
   9.7948322e+00   9.7320953e-25
   9.8249597e+00   9.7541094e-25
   9.8551799e+00   9.7759579e-25
   9.8854930e+00   9.7976233e-25
   9.9158994e+00   9.8190856e-25
   9.9463993e+00   9.8403284e-25
   9.9769930e+00   9.8613454e-25
   1.0007681e+01   9.8821415e-25
   1.0038463e+01   9.9027284e-25
   1.0069340e+01   9.9231179e-25
   1.0100312e+01   9.9433186e-25
   1.0131379e+01   9.9633346e-25
   1.0162542e+01   9.9831667e-25
   1.0193800e+01   1.0002814e-24
   1.0225155e+01   1.0022273e-24
   1.0256606e+01   1.0041542e-24
   1.0288154e+01   1.0060617e-24
   1.0319799e+01   1.0079496e-24
   1.0351541e+01   1.0098175e-24
   1.0383381e+01   1.0116653e-24
   1.0415319e+01   1.0134927e-24
   1.0447355e+01   1.0152994e-24
   1.0479489e+01   1.0170853e-24
   1.0511723e+01   1.0188502e-24
   1.0544055e+01   1.0205938e-24
   1.0576487e+01   1.0223160e-24
   1.0609019e+01   1.0240167e-24
   1.0641651e+01   1.0256956e-24
   1.0674383e+01   1.0273527e-24
   1.0707216e+01   1.0289878e-24
   1.0740150e+01   1.0306008e-24
   1.0773185e+01   1.0321914e-24
   1.0806322e+01   1.0337597e-24
   1.0839560e+01   1.0353055e-24
   1.0872901e+01   1.0368286e-24
   1.0906345e+01   1.0383290e-24
   1.0939891e+01   1.0398066e-24
   1.0973541e+01   1.0412612e-24
   1.1007294e+01   1.0426928e-24
   1.1041151e+01   1.0441012e-24
   1.1075112e+01   1.0454863e-24
   1.1109177e+01   1.0468482e-24
   1.1143347e+01   1.0481866e-24
   1.1177623e+01   1.0495016e-24
   1.1212004e+01   1.0507929e-24
   1.1246490e+01   1.0520606e-24
   1.1281083e+01   1.0533046e-24
   1.1315782e+01   1.0545248e-24
   1.1350587e+01   1.0557211e-24
   1.1385500e+01   1.0568934e-24
   1.1420520e+01   1.0580418e-24
   1.1455648e+01   1.0591660e-24
   1.1490884e+01   1.0602662e-24
   1.1526229e+01   1.0613421e-24
   1.1561682e+01   1.0623938e-24
   1.1597244e+01   1.0634212e-24
   1.1632915e+01   1.0644242e-24
   1.1668696e+01   1.0654028e-24
   1.1704588e+01   1.0663570e-24
   1.1740589e+01   1.0672866e-24
   1.1776702e+01   1.0681917e-24
   1.1812925e+01   1.0690722e-24
   1.1849260e+01   1.0699280e-24
   1.1885707e+01   1.0707591e-24
   1.1922265e+01   1.0715655e-24
   1.1958937e+01   1.0723471e-24
   1.1995721e+01   1.0731039e-24
   1.2032618e+01   1.0738359e-24
   1.2069628e+01   1.0745429e-24
   1.2106753e+01   1.0752251e-24
   1.2143991e+01   1.0758823e-24
   1.2181345e+01   1.0765145e-24
   1.2218813e+01   1.0771217e-24
   1.2256396e+01   1.0777039e-24
   1.2294095e+01   1.0782609e-24
   1.2331910e+01   1.0787929e-24
   1.2369841e+01   1.0792997e-24
   1.2407889e+01   1.0797814e-24
   1.2446054e+01   1.0802379e-24
   1.2484336e+01   1.0806692e-24
   1.2522736e+01   1.0810753e-24
   1.2561254e+01   1.0814561e-24
   1.2599891e+01   1.0818116e-24
   1.2638646e+01   1.0821419e-24
   1.2677521e+01   1.0824468e-24
   1.2716515e+01   1.0827264e-24
   1.2755630e+01   1.0829807e-24
   1.2794864e+01   1.0832096e-24
   1.2834219e+01   1.0834131e-24
   1.2873696e+01   1.0835912e-24
   1.2913293e+01   1.0837439e-24
   1.2953013e+01   1.0838711e-24
   1.2992854e+01   1.0839730e-24
   1.3032818e+01   1.0840494e-24
   1.3072906e+01   1.0841003e-24
   1.3113116e+01   1.0841257e-24
   1.3153450e+01   1.0841257e-24
   1.3193908e+01   1.0841001e-24
   1.3234491e+01   1.0840491e-24
   1.3275198e+01   1.0839725e-24
   1.3316031e+01   1.0838705e-24
   1.3356989e+01   1.0837429e-24
   1.3398073e+01   1.0835898e-24
   1.3439284e+01   1.0834111e-24
   1.3480621e+01   1.0832069e-24
   1.3522086e+01   1.0829772e-24
   1.3563678e+01   1.0827219e-24
   1.3605398e+01   1.0824411e-24
   1.3647246e+01   1.0821348e-24
   1.3689223e+01   1.0818029e-24
   1.3731329e+01   1.0814454e-24
   1.3773565e+01   1.0810624e-24
   1.3815930e+01   1.0806539e-24
   1.3858426e+01   1.0802198e-24
   1.3901052e+01   1.0797602e-24
   1.3943810e+01   1.0792750e-24
   1.3986699e+01   1.0787643e-24
   1.4029720e+01   1.0782282e-24
   1.4072874e+01   1.0776665e-24
   1.4116160e+01   1.0770793e-24
   1.4159579e+01   1.0764666e-24
   1.4203132e+01   1.0758284e-24
   1.4246819e+01   1.0751647e-24
   1.4290640e+01   1.0744756e-24
   1.4334596e+01   1.0737611e-24
   1.4378687e+01   1.0730211e-24
   1.4422914e+01   1.0722557e-24
   1.4467277e+01   1.0714649e-24
   1.4511776e+01   1.0706488e-24
   1.4556412e+01   1.0698072e-24
   1.4601186e+01   1.0689404e-24
   1.4646097e+01   1.0680482e-24
   1.4691146e+01   1.0671307e-24
   1.4736334e+01   1.0661879e-24
   1.4781661e+01   1.0652200e-24
   1.4827127e+01   1.0642267e-24
   1.4872734e+01   1.0632083e-24
   1.4918480e+01   1.0621648e-24
   1.4964367e+01   1.0610961e-24
   1.5010395e+01   1.0600023e-24
   1.5056565e+01   1.0588834e-24
   1.5102877e+01   1.0577396e-24
   1.5149331e+01   1.0565707e-24
   1.5195929e+01   1.0553769e-24
   1.5242669e+01   1.0541582e-24
   1.5289553e+01   1.0529146e-24
   1.5336582e+01   1.0516462e-24
   1.5383755e+01   1.0503530e-24
   1.5431073e+01   1.0490351e-24
   1.5478537e+01   1.0476926e-24
   1.5526147e+01   1.0463254e-24
   1.5573903e+01   1.0449337e-24
   1.5621806e+01   1.0435174e-24
   1.5669857e+01   1.0420767e-24
   1.5718055e+01   1.0406117e-24
   1.5766401e+01   1.0391223e-24
   1.5814897e+01   1.0376086e-24
   1.5863541e+01   1.0360708e-24
   1.5912335e+01   1.0345089e-24
   1.5961279e+01   1.0329229e-24
   1.6010374e+01   1.0313130e-24
   1.6059619e+01   1.0296792e-24
   1.6109016e+01   1.0280216e-24
   1.6158565e+01   1.0263403e-24
   1.6208267e+01   1.0246354e-24
   1.6258121e+01   1.0229070e-24
   1.6308129e+01   1.0211551e-24
   1.6358290e+01   1.0193799e-24
   1.6408606e+01   1.0175815e-24
   1.6459077e+01   1.0157600e-24
   1.6509702e+01   1.0139155e-24
   1.6560484e+01   1.0120480e-24
   1.6611422e+01   1.0101578e-24
   1.6662516e+01   1.0082449e-24
   1.6713768e+01   1.0063095e-24
   1.6765177e+01   1.0043517e-24
   1.6816744e+01   1.0023717e-24
   1.6868470e+01   1.0003695e-24
   1.6920355e+01   9.9834529e-25
   1.6972400e+01   9.9629928e-25
   1.7024604e+01   9.9423157e-25
   1.7076970e+01   9.9214233e-25
   1.7129496e+01   9.9003173e-25
   1.7182184e+01   9.8789993e-25
   1.7235034e+01   9.8574710e-25
   1.7288046e+01   9.8357342e-25
   1.7341222e+01   9.8137907e-25
   1.7394561e+01   9.7916425e-25
   1.7448064e+01   9.7692914e-25
   1.7501732e+01   9.7467395e-25
   1.7555565e+01   9.7239889e-25
   1.7609563e+01   9.7010416e-25
   1.7663728e+01   9.6778999e-25
   1.7718059e+01   9.6545661e-25
   1.7772557e+01   9.6310424e-25
   1.7827223e+01   9.6073313e-25
   1.7882057e+01   9.5834352e-25
   1.7937060e+01   9.5593568e-25
   1.7992231e+01   9.5350985e-25
   1.8047573e+01   9.5106632e-25
   1.8103085e+01   9.4860535e-25
   1.8158767e+01   9.4612724e-25
   1.8214621e+01   9.4363228e-25
   1.8270647e+01   9.4112077e-25
   1.8326845e+01   9.3859303e-25
   1.8383215e+01   9.3604936e-25
   1.8439759e+01   9.3349012e-25
   1.8496478e+01   9.3091562e-25
   1.8553370e+01   9.2832622e-25
   1.8610438e+01   9.2572229e-25
   1.8667681e+01   9.2310418e-25
   1.8725100e+01   9.2047228e-25
   1.8782696e+01   9.1782698e-25
   1.8840468e+01   9.1516868e-25
   1.8898419e+01   9.1249779e-25
   1.8956548e+01   9.0981473e-25
   1.9014856e+01   9.0711995e-25
   1.9073343e+01   9.0441388e-25
   1.9132009e+01   9.0169698e-25
   1.9190857e+01   8.9896973e-25
   1.9249885e+01   8.9623262e-25
   1.9309095e+01   8.9348614e-25
   1.9368487e+01   8.9073080e-25
   1.9428062e+01   8.8796713e-25
   1.9487820e+01   8.8519567e-25
   1.9547762e+01   8.8241697e-25
   1.9607888e+01   8.7963160e-25
   1.9668199e+01   8.7684015e-25
   1.9728695e+01   8.7404321e-25
   1.9789378e+01   8.7124141e-25
   1.9850247e+01   8.6843537e-25
   1.9911304e+01   8.6562573e-25
   1.9972548e+01   8.6281318e-25
   2.0033981e+01   8.5999838e-25
   2.0095603e+01   8.5718203e-25
   2.0157414e+01   8.5436486e-25
   2.0219415e+01   8.5154760e-25
   2.0281607e+01   8.4873101e-25
   2.0343991e+01   8.4591586e-25
   2.0406566e+01   8.4310293e-25
   2.0469333e+01   8.4029305e-25
   2.0532294e+01   8.3748705e-25
   2.0595449e+01   8.3468577e-25
   2.0658797e+01   8.3189010e-25
   2.0722341e+01   8.2910093e-25
   2.0786080e+01   8.2631917e-25
   2.0850015e+01   8.2354576e-25
   2.0914147e+01   8.2078167e-25
   2.0978475e+01   8.1802787e-25
   2.1043002e+01   8.1528537e-25
   2.1107728e+01   8.1255519e-25
   2.1172652e+01   8.0983840e-25
   2.1237776e+01   8.0713606e-25
   2.1303100e+01   8.0444928e-25
   2.1368626e+01   8.0177916e-25
   2.1434353e+01   7.9912687e-25
   2.1500282e+01   7.9649357e-25
   2.1566413e+01   7.9388046e-25
   2.1632749e+01   7.9128876e-25
   2.1699288e+01   7.8871970e-25
   2.1766032e+01   7.8617456e-25
   2.1832981e+01   7.8365464e-25
   2.1900136e+01   7.8116124e-25
   2.1967498e+01   7.7869571e-25
   2.2035067e+01   7.7625942e-25
   2.2102844e+01   7.7385375e-25
   2.2170829e+01   7.7148012e-25
   2.2239023e+01   7.6913998e-25
   2.2307427e+01   7.6683476e-25
   2.2376042e+01   7.6456597e-25
   2.2444867e+01   7.6233510e-25
   2.2513904e+01   7.6014368e-25
   2.2583154e+01   7.5799325e-25
   2.2652617e+01   7.5588539e-25
   2.2722293e+01   7.5382168e-25
   2.2792183e+01   7.5180372e-25
   2.2862289e+01   7.4983313e-25
   2.2932610e+01   7.4791155e-25
   2.3003147e+01   7.4604064e-25
   2.3073902e+01   7.4422205e-25
   2.3144874e+01   7.4245746e-25
   2.3216064e+01   7.4074857e-25
   2.3287474e+01   7.3909707e-25
   2.3359102e+01   7.3750465e-25
   2.3430952e+01   7.3597303e-25
   2.3503022e+01   7.3450392e-25
   2.3575314e+01   7.3309903e-25
   2.3647828e+01   7.3176006e-25
   2.3720566e+01   7.3048873e-25
   2.3793527e+01   7.2928673e-25
   2.3866712e+01   7.2815574e-25
   2.3940123e+01   7.2709745e-25
   2.4013759e+01   7.2611352e-25
   2.4087622e+01   7.2520559e-25
   2.4161712e+01   7.2437528e-25
   2.4236030e+01   7.2362419e-25
   2.4310577e+01   7.2295389e-25
   2.4385353e+01   7.2236590e-25
   2.4460359e+01   7.2186174e-25
   2.4535595e+01   7.2144287e-25
   2.4611063e+01   7.2111070e-25
   2.4686763e+01   7.2086660e-25
   2.4762696e+01   7.2071189e-25
   2.4838863e+01   7.2064785e-25
   2.4915264e+01   7.2067567e-25
   2.4991900e+01   7.2079650e-25
   2.5068771e+01   7.2101141e-25
   2.5145879e+01   7.2132141e-25
   2.5223224e+01   7.2172742e-25
   2.5300807e+01   7.2223029e-25
   2.5378629e+01   7.2283078e-25
   2.5456690e+01   7.2352957e-25
   2.5534991e+01   7.2432723e-25
   2.5613533e+01   7.2522425e-25
   2.5692317e+01   7.2622102e-25
   2.5771343e+01   7.2731780e-25
   2.5850612e+01   7.2851477e-25
   2.5930124e+01   7.2981199e-25
   2.6009882e+01   7.3120940e-25
   2.6089885e+01   7.3270681e-25
   2.6170133e+01   7.3430393e-25
   2.6250629e+01   7.3600032e-25
   2.6331372e+01   7.3779544e-25
   2.6412364e+01   7.3968859e-25
   2.6493604e+01   7.4167895e-25
   2.6575095e+01   7.4376556e-25
   2.6656836e+01   7.4594733e-25
   2.6738829e+01   7.4822302e-25
   2.6821074e+01   7.5059124e-25
   2.6903571e+01   7.5305047e-25
   2.6986323e+01   7.5559904e-25
   2.7069329e+01   7.5823515e-25
   2.7152591e+01   7.6095683e-25
   2.7236108e+01   7.6376197e-25
   2.7319882e+01   7.6664832e-25
   2.7403915e+01   7.6961348e-25
   2.7488205e+01   7.7265492e-25
   2.7572755e+01   7.7576994e-25
   2.7657565e+01   7.7895572e-25
   2.7742636e+01   7.8220928e-25
   2.7827968e+01   7.8552752e-25
   2.7913563e+01   7.8890719e-25
   2.7999421e+01   7.9234491e-25
   2.8085543e+01   7.9583718e-25
   2.8171930e+01   7.9938035e-25
   2.8258583e+01   8.0297068e-25
   2.8345503e+01   8.0660429e-25
   2.8432689e+01   8.1027718e-25
   2.8520144e+01   8.1398526e-25
   2.8607868e+01   8.1772433e-25
   2.8695862e+01   8.2149010e-25
   2.8784126e+01   8.2527817e-25
   2.8872662e+01   8.2908407e-25
   2.8961470e+01   8.3290326e-25
   2.9050552e+01   8.3673112e-25
   2.9139907e+01   8.4056298e-25
   2.9229537e+01   8.4439409e-25
   2.9319443e+01   8.4821969e-25
   2.9409626e+01   8.5203497e-25
   2.9500085e+01   8.5583508e-25
   2.9590824e+01   8.5961518e-25
   2.9681841e+01   8.6337040e-25
   2.9773138e+01   8.6709588e-25
   2.9864716e+01   8.7078678e-25
   2.9956575e+01   8.7443828e-25
   3.0048718e+01   8.7804558e-25
   3.0141143e+01   8.8160395e-25
   3.0233853e+01   8.8510869e-25
   3.0326848e+01   8.8855517e-25
   3.0420129e+01   8.9193885e-25
   3.0513697e+01   8.9525526e-25
   3.0607553e+01   8.9850005e-25
   3.0701697e+01   9.0166894e-25
   3.0796131e+01   9.0475780e-25
   3.0890856e+01   9.0776262e-25
   3.0985872e+01   9.1067950e-25
   3.1081180e+01   9.1350471e-25
   3.1176781e+01   9.1623468e-25
   3.1272677e+01   9.1886597e-25
   3.1368867e+01   9.2139534e-25
   3.1465353e+01   9.2381971e-25
   3.1562136e+01   9.2613618e-25
   3.1659217e+01   9.2834205e-25
   3.1756596e+01   9.3043480e-25
   3.1854275e+01   9.3241211e-25
   3.1952254e+01   9.3427188e-25
   3.2050535e+01   9.3601219e-25
   3.2149118e+01   9.3763133e-25
   3.2248004e+01   9.3912782e-25
   3.2347194e+01   9.4050037e-25
   3.2446689e+01   9.4174790e-25
   3.2546491e+01   9.4286954e-25
   3.2646599e+01   9.4386464e-25
   3.2747015e+01   9.4473276e-25
   3.2847741e+01   9.4547362e-25
   3.2948776e+01   9.4608720e-25
   3.3050121e+01   9.4657364e-25
   3.3151779e+01   9.4693328e-25
   3.3253749e+01   9.4716664e-25
   3.3356033e+01   9.4727443e-25
   3.3458631e+01   9.4725754e-25
   3.3561545e+01   9.4711702e-25
   3.3664776e+01   9.4685408e-25
   3.3768324e+01   9.4647010e-25
   3.3872190e+01   9.4596659e-25
   3.3976376e+01   9.4534521e-25
   3.4080883e+01   9.4460774e-25
   3.4185711e+01   9.4375610e-25
   3.4290861e+01   9.4279233e-25
   3.4396335e+01   9.4171854e-25
   3.4502133e+01   9.4053699e-25
   3.4608257e+01   9.3924999e-25
   3.4714707e+01   9.3785996e-25
   3.4821485e+01   9.3636937e-25
   3.4928590e+01   9.3478078e-25
   3.5036026e+01   9.3309679e-25
   3.5143792e+01   9.3132006e-25
   3.5251889e+01   9.2945329e-25
   3.5360319e+01   9.2749923e-25
   3.5469082e+01   9.2546063e-25
   3.5578180e+01   9.2334028e-25
   3.5687613e+01   9.2114099e-25
   3.5797383e+01   9.1886557e-25
   3.5907491e+01   9.1651683e-25
   3.6017937e+01   9.1409758e-25
   3.6128724e+01   9.1161063e-25
   3.6239850e+01   9.0905878e-25
   3.6351319e+01   9.0644478e-25
   3.6463130e+01   9.0377140e-25
   3.6575286e+01   9.0104135e-25
   3.6687786e+01   8.9825733e-25
   3.6800633e+01   8.9542200e-25
   3.6913826e+01   8.9253799e-25
   3.7027368e+01   8.8960786e-25
   3.7141259e+01   8.8663417e-25
   3.7255500e+01   8.8361940e-25
   3.7370093e+01   8.8056601e-25
   3.7485038e+01   8.7747638e-25
   3.7600336e+01   8.7435287e-25
   3.7715990e+01   8.7119777e-25
   3.7831999e+01   8.6801332e-25
   3.7948365e+01   8.6480170e-25
   3.8065088e+01   8.6156505e-25
   3.8182171e+01   8.5830543e-25
   3.8299614e+01   8.5502486e-25
   3.8417418e+01   8.5172531e-25
   3.8535585e+01   8.4840868e-25
   3.8654115e+01   8.4507681e-25
   3.8773009e+01   8.4173149e-25
   3.8892270e+01   8.3837445e-25
   3.9011897e+01   8.3500737e-25
   3.9131892e+01   8.3163187e-25
   3.9252256e+01   8.2824952e-25
   3.9372990e+01   8.2486182e-25
   3.9494096e+01   8.2147024e-25
   3.9615574e+01   8.1807616e-25
   3.9737426e+01   8.1468096e-25
   3.9859653e+01   8.1128591e-25
   3.9982255e+01   8.0789228e-25
   4.0105235e+01   8.0450127e-25
   4.0228593e+01   8.0111401e-25
   4.0352331e+01   7.9773162e-25
   4.0476449e+01   7.9435516e-25
   4.0600948e+01   7.9098562e-25
   4.0725831e+01   7.8762399e-25
   4.0851098e+01   7.8427119e-25
   4.0976750e+01   7.8092809e-25
   4.1102789e+01   7.7759554e-25
   4.1229215e+01   7.7427435e-25
   4.1356030e+01   7.7096526e-25
   4.1483236e+01   7.6766901e-25
   4.1610832e+01   7.6438629e-25
   4.1738821e+01   7.6111775e-25
   4.1867204e+01   7.5786401e-25
   4.1995982e+01   7.5462565e-25
   4.2125155e+01   7.5140324e-25
   4.2254726e+01   7.4819728e-25
   4.2384696e+01   7.4500828e-25
   4.2515065e+01   7.4183670e-25
   4.2645835e+01   7.3868298e-25
   4.2777008e+01   7.3554751e-25
   4.2908584e+01   7.3243069e-25
   4.3040565e+01   7.2933288e-25
   4.3172951e+01   7.2625440e-25
   4.3305745e+01   7.2319556e-25
   4.3438947e+01   7.2015666e-25
   4.3572559e+01   7.1713796e-25
   4.3706582e+01   7.1413969e-25
   4.3841018e+01   7.1116210e-25
   4.3975866e+01   7.0820537e-25
   4.4111130e+01   7.0526970e-25
   4.4246810e+01   7.0235526e-25
   4.4382906e+01   6.9946219e-25
   4.4519422e+01   6.9659064e-25
   4.4656357e+01   6.9374072e-25
   4.4793714e+01   6.9091253e-25
   4.4931493e+01   6.8810617e-25
   4.5069696e+01   6.8532172e-25
   4.5208324e+01   6.8255922e-25
   4.5347378e+01   6.7981874e-25
   4.5486860e+01   6.7710031e-25
   4.5626772e+01   6.7440396e-25
   4.5767113e+01   6.7172970e-25
   4.5907886e+01   6.6907754e-25
   4.6049092e+01   6.6644746e-25
   4.6190733e+01   6.6383946e-25
   4.6332809e+01   6.6125352e-25
   4.6475322e+01   6.5868959e-25
   4.6618273e+01   6.5614763e-25
   4.6761665e+01   6.5362760e-25
   4.6905497e+01   6.5112944e-25
   4.7049772e+01   6.4865308e-25
   4.7194490e+01   6.4619845e-25
   4.7339654e+01   6.4376547e-25
   4.7485264e+01   6.4135407e-25
   4.7631321e+01   6.3896414e-25
   4.7777829e+01   6.3659559e-25
   4.7924786e+01   6.3424833e-25
   4.8072196e+01   6.3192225e-25
   4.8220060e+01   6.2961723e-25
   4.8368378e+01   6.2733317e-25
   4.8517152e+01   6.2506993e-25
   4.8666384e+01   6.2282741e-25
   4.8816075e+01   6.2060547e-25
   4.8966226e+01   6.1840399e-25
   4.9116839e+01   6.1622282e-25
   4.9267916e+01   6.1406184e-25
   4.9419457e+01   6.1192091e-25
   4.9571464e+01   6.0979987e-25
   4.9723939e+01   6.0769860e-25
   4.9876882e+01   6.0561694e-25
   5.0030297e+01   6.0355475e-25
   5.0184183e+01   6.0151187e-25
   5.0338542e+01   5.9948815e-25
   5.0493376e+01   5.9748344e-25
   5.0648687e+01   5.9549758e-25
   5.0804475e+01   5.9353042e-25
   5.0960742e+01   5.9158180e-25
   5.1117490e+01   5.8965157e-25
   5.1274720e+01   5.8773955e-25
   5.1432434e+01   5.8584559e-25
   5.1590633e+01   5.8396953e-25
   5.1749319e+01   5.8211121e-25
   5.1908492e+01   5.8027047e-25
   5.2068155e+01   5.7844713e-25
   5.2228309e+01   5.7664105e-25
   5.2388956e+01   5.7485205e-25
   5.2550097e+01   5.7307998e-25
   5.2711734e+01   5.7132466e-25
   5.2873868e+01   5.6958594e-25
   5.3036500e+01   5.6786366e-25
   5.3199633e+01   5.6615764e-25
   5.3363268e+01   5.6446773e-25
   5.3527405e+01   5.6279376e-25
   5.3692048e+01   5.6113557e-25
   5.3857197e+01   5.5949300e-25
   5.4022854e+01   5.5786589e-25
   5.4189021e+01   5.5625408e-25
   5.4355699e+01   5.5465740e-25
   5.4522889e+01   5.5307570e-25
   5.4690594e+01   5.5150882e-25
   5.4858814e+01   5.4995660e-25
   5.5027552e+01   5.4841888e-25
   5.5196809e+01   5.4689551e-25
   5.5366587e+01   5.4538632e-25
   5.5536886e+01   5.4389117e-25
   5.5707710e+01   5.4240990e-25
   5.5879059e+01   5.4094236e-25
   5.6050935e+01   5.3948839e-25
   5.6223340e+01   5.3804784e-25
   5.6396275e+01   5.3662057e-25
   5.6569742e+01   5.3520642e-25
   5.6743742e+01   5.3380525e-25
   5.6918278e+01   5.3241690e-25
   5.7093350e+01   5.3104124e-25
   5.7268961e+01   5.2967811e-25
   5.7445113e+01   5.2832738e-25
   5.7621806e+01   5.2698890e-25
   5.7799042e+01   5.2566253e-25
   5.7976824e+01   5.2434812e-25
   5.8155152e+01   5.2304555e-25
   5.8334029e+01   5.2175467e-25
   5.8513456e+01   5.2047534e-25
   5.8693435e+01   5.1920743e-25
   5.8873968e+01   5.1795081e-25
   5.9055056e+01   5.1670534e-25
   5.9236701e+01   5.1547089e-25
   5.9418905e+01   5.1424732e-25
   5.9601669e+01   5.1303452e-25
   5.9784995e+01   5.1183235e-25
   5.9968885e+01   5.1064069e-25
   6.0153341e+01   5.0945940e-25
   6.0338364e+01   5.0828837e-25
   6.0523956e+01   5.0712747e-25
   6.0710119e+01   5.0597658e-25
   6.0896855e+01   5.0483558e-25
   6.1084165e+01   5.0370435e-25
   6.1272051e+01   5.0258277e-25
   6.1460516e+01   5.0147073e-25
   6.1649559e+01   5.0036811e-25
   6.1839185e+01   4.9927479e-25
   6.2029393e+01   4.9819066e-25
   6.2220187e+01   4.9711561e-25
   6.2411567e+01   4.9604954e-25
   6.2603536e+01   4.9499232e-25
   6.2796096e+01   4.9394386e-25
   6.2989248e+01   4.9290404e-25
   6.3182994e+01   4.9187276e-25
   6.3377336e+01   4.9084992e-25
   6.3572275e+01   4.8983540e-25
   6.3767815e+01   4.8882912e-25
   6.3963955e+01   4.8783097e-25
   6.4160699e+01   4.8684084e-25
   6.4358049e+01   4.8585865e-25
   6.4556005e+01   4.8488429e-25
   6.4754570e+01   4.8391767e-25
   6.4953746e+01   4.8295869e-25
   6.5153534e+01   4.8200726e-25
   6.5353937e+01   4.8106328e-25
   6.5554957e+01   4.8012667e-25
   6.5756594e+01   4.7919733e-25
   6.5958852e+01   4.7827518e-25
   6.6161732e+01   4.7736012e-25
   6.6365237e+01   4.7645208e-25
   6.6569367e+01   4.7555096e-25
   6.6774125e+01   4.7465667e-25
   6.6979512e+01   4.7376914e-25
   6.7185532e+01   4.7288828e-25
   6.7392185e+01   4.7201402e-25
   6.7599474e+01   4.7114626e-25
   6.7807400e+01   4.7028493e-25
   6.8015966e+01   4.6942996e-25
   6.8225173e+01   4.6858126e-25
   6.8435024e+01   4.6773876e-25
   6.8645521e+01   4.6690238e-25
   6.8856665e+01   4.6607204e-25
   6.9068458e+01   4.6524768e-25
   6.9280903e+01   4.6442923e-25
   6.9494001e+01   4.6361660e-25
   6.9707755e+01   4.6280973e-25
   6.9922166e+01   4.6200855e-25
   7.0137236e+01   4.6121300e-25
   7.0352969e+01   4.6042299e-25
   7.0569364e+01   4.5963847e-25
   7.0786426e+01   4.5885938e-25
   7.1004155e+01   4.5808563e-25
   7.1222553e+01   4.5731718e-25
   7.1441624e+01   4.5655396e-25
   7.1661368e+01   4.5579590e-25
   7.1881788e+01   4.5504294e-25
   7.2102886e+01   4.5429503e-25
   7.2324665e+01   4.5355210e-25
   7.2547125e+01   4.5281410e-25
   7.2770270e+01   4.5208095e-25
   7.2994101e+01   4.5135262e-25
   7.3218620e+01   4.5062904e-25
   7.3443830e+01   4.4991016e-25
   7.3669733e+01   4.4919591e-25
   7.3896331e+01   4.4848625e-25
   7.4123625e+01   4.4778112e-25
   7.4351619e+01   4.4708048e-25
   7.4580314e+01   4.4638426e-25
   7.4809713e+01   4.4569242e-25
   7.5039817e+01   4.4500490e-25
   7.5270628e+01   4.4432166e-25
   7.5502150e+01   4.4364265e-25
   7.5734384e+01   4.4296782e-25
   7.5967332e+01   4.4229711e-25
   7.6200997e+01   4.4163050e-25
   7.6435380e+01   4.4096792e-25
   7.6670485e+01   4.4030933e-25
   7.6906312e+01   4.3965469e-25
   7.7142865e+01   4.3900395e-25
   7.7380146e+01   4.3835707e-25
   7.7618156e+01   4.3771400e-25
   7.7856898e+01   4.3707471e-25
   7.8096375e+01   4.3643915e-25
   7.8336589e+01   4.3580728e-25
   7.8577541e+01   4.3517907e-25
   7.8819234e+01   4.3455446e-25
   7.9061671e+01   4.3393342e-25
   7.9304853e+01   4.3331591e-25
   7.9548784e+01   4.3270190e-25
   7.9793465e+01   4.3209134e-25
   8.0038898e+01   4.3148420e-25
   8.0285086e+01   4.3088044e-25
   8.0532032e+01   4.3028003e-25
   8.0779737e+01   4.2968293e-25
   8.1028204e+01   4.2908910e-25
   8.1277435e+01   4.2849852e-25
   8.1527433e+01   4.2791114e-25
   8.1778200e+01   4.2732694e-25
   8.2029738e+01   4.2674587e-25
   8.2282050e+01   4.2616792e-25
   8.2535138e+01   4.2559304e-25
   8.2789004e+01   4.2502121e-25
   8.3043651e+01   4.2445239e-25
   8.3299082e+01   4.2388655e-25
   8.3555298e+01   4.2332367e-25
   8.3812302e+01   4.2276371e-25
   8.4070097e+01   4.2220665e-25
   8.4328684e+01   4.2165245e-25
   8.4588067e+01   4.2110109e-25
   8.4848248e+01   4.2055254e-25
   8.5109230e+01   4.2000678e-25
   8.5371013e+01   4.1946377e-25
   8.5633603e+01   4.1892349e-25
   8.5896999e+01   4.1838591e-25
   8.6161206e+01   4.1785101e-25
   8.6426226e+01   4.1731876e-25
   8.6692061e+01   4.1678914e-25
   8.6958713e+01   4.1626212e-25
   8.7226186e+01   4.1573768e-25
   8.7494481e+01   4.1521579e-25
   8.7763602e+01   4.1469644e-25
   8.8033550e+01   4.1417959e-25
   8.8304329e+01   4.1366523e-25
   8.8575940e+01   4.1315334e-25
   8.8848387e+01   4.1264388e-25
   8.9121672e+01   4.1213684e-25
   8.9395798e+01   4.1163221e-25
   8.9670767e+01   4.1112994e-25
   8.9946581e+01   4.1063004e-25
   9.0223244e+01   4.1013247e-25
   9.0500758e+01   4.0963722e-25
   9.0779126e+01   4.0914427e-25
   9.1058349e+01   4.0865359e-25
   9.1338432e+01   4.0816517e-25
   9.1619376e+01   4.0767899e-25
   9.1901184e+01   4.0719504e-25
   9.2183859e+01   4.0671328e-25
   9.2467404e+01   4.0623371e-25
   9.2751820e+01   4.0575631e-25
   9.3037112e+01   4.0528106e-25
   9.3323280e+01   4.0480795e-25
   9.3610330e+01   4.0433695e-25
   9.3898262e+01   4.0386805e-25
   9.4187079e+01   4.0340123e-25
   9.4476786e+01   4.0293648e-25
   9.4767383e+01   4.0247379e-25
   9.5058874e+01   4.0201313e-25
   9.5351261e+01   4.0155450e-25
   9.5644548e+01   4.0109787e-25
   9.5938737e+01   4.0064323e-25
   9.6233831e+01   4.0019057e-25
   9.6529833e+01   3.9973988e-25
   9.6826745e+01   3.9929114e-25
   9.7124570e+01   3.9884433e-25
   9.7423312e+01   3.9839945e-25
   9.7722972e+01   3.9795647e-25
   9.8023554e+01   3.9751539e-25
   9.8325060e+01   3.9707620e-25
   9.8627494e+01   3.9663888e-25
   9.8930858e+01   3.9620341e-25
   9.9235156e+01   3.9576980e-25
   9.9540389e+01   3.9533802e-25
   9.9846561e+01   3.9490806e-25
   1.0015367e+02   3.9447991e-25
   1.0046173e+02   3.9405356e-25
   1.0077074e+02   3.9362900e-25
   1.0108070e+02   3.9320622e-25
   1.0139161e+02   3.9278521e-25
   1.0170347e+02   3.9236596e-25
   1.0201630e+02   3.9194845e-25
   1.0233008e+02   3.9153267e-25
   1.0264484e+02   3.9111863e-25
   1.0296056e+02   3.9070629e-25
   1.0327725e+02   3.9029567e-25
   1.0359492e+02   3.8988674e-25
   1.0391356e+02   3.8947950e-25
   1.0423318e+02   3.8907394e-25
   1.0455379e+02   3.8867005e-25
   1.0487538e+02   3.8826782e-25
   1.0519796e+02   3.8786724e-25
   1.0552154e+02   3.8746830e-25
   1.0584611e+02   3.8707100e-25
   1.0617168e+02   3.8667533e-25
   1.0649824e+02   3.8628127e-25
   1.0682582e+02   3.8588883e-25
   1.0715440e+02   3.8549799e-25
   1.0748399e+02   3.8510875e-25
   1.0781460e+02   3.8472109e-25
   1.0814622e+02   3.8433501e-25
   1.0847886e+02   3.8395051e-25
   1.0881253e+02   3.8356757e-25
   1.0914722e+02   3.8318620e-25
   1.0948294e+02   3.8280637e-25
   1.0981969e+02   3.8242810e-25
   1.1015748e+02   3.8205136e-25
   1.1049631e+02   3.8167616e-25
   1.1083618e+02   3.8130248e-25
   1.1117710e+02   3.8093032e-25
   1.1151906e+02   3.8055968e-25
   1.1186208e+02   3.8019055e-25
   1.1220615e+02   3.7982292e-25
   1.1255128e+02   3.7945678e-25
   1.1289747e+02   3.7909214e-25
   1.1324473e+02   3.7872899e-25
   1.1359306e+02   3.7836732e-25
   1.1394245e+02   3.7800712e-25
   1.1429292e+02   3.7764839e-25
   1.1464447e+02   3.7729113e-25
   1.1499710e+02   3.7693534e-25
   1.1535082e+02   3.7658099e-25
   1.1570562e+02   3.7622810e-25
   1.1606151e+02   3.7587666e-25
   1.1641850e+02   3.7552666e-25
   1.1677659e+02   3.7517810e-25
   1.1713578e+02   3.7483097e-25
   1.1749607e+02   3.7448527e-25
   1.1785747e+02   3.7414100e-25
   1.1821998e+02   3.7379814e-25
   1.1858361e+02   3.7345671e-25
   1.1894836e+02   3.7311669e-25
   1.1931423e+02   3.7277809e-25
   1.1968122e+02   3.7244088e-25
   1.2004934e+02   3.7210509e-25
   1.2041860e+02   3.7177069e-25
   1.2078899e+02   3.7143769e-25
   1.2116052e+02   3.7110608e-25
   1.2153319e+02   3.7077587e-25
   1.2190701e+02   3.7044704e-25
   1.2228198e+02   3.7011959e-25
   1.2265810e+02   3.6979353e-25
   1.2303538e+02   3.6946884e-25
   1.2341382e+02   3.6914553e-25
   1.2379342e+02   3.6882360e-25
   1.2417419e+02   3.6850303e-25
   1.2455613e+02   3.6818384e-25
   1.2493925e+02   3.6786601e-25
   1.2532355e+02   3.6754954e-25
   1.2570902e+02   3.6723444e-25
   1.2609569e+02   3.6692069e-25
   1.2648354e+02   3.6660830e-25
   1.2687259e+02   3.6629726e-25
   1.2726283e+02   3.6598758e-25
   1.2765427e+02   3.6567925e-25
   1.2804692e+02   3.6537227e-25
   1.2844077e+02   3.6506663e-25
   1.2883584e+02   3.6476235e-25
   1.2923212e+02   3.6445940e-25
   1.2962962e+02   3.6415780e-25
   1.3002834e+02   3.6385754e-25
   1.3042829e+02   3.6355862e-25
   1.3082947e+02   3.6326103e-25
   1.3123188e+02   3.6296479e-25
   1.3163553e+02   3.6266988e-25
   1.3204042e+02   3.6237630e-25
   1.3244656e+02   3.6208406e-25
   1.3285395e+02   3.6179315e-25
   1.3326259e+02   3.6150357e-25
   1.3367248e+02   3.6121532e-25
   1.3408364e+02   3.6092840e-25
   1.3449606e+02   3.6064281e-25
   1.3490975e+02   3.6035855e-25
   1.3532472e+02   3.6007562e-25
   1.3574096e+02   3.5979401e-25
   1.3615848e+02   3.5951373e-25
   1.3657728e+02   3.5923477e-25
   1.3699737e+02   3.5895714e-25
   1.3741876e+02   3.5868084e-25
   1.3784144e+02   3.5840586e-25
   1.3826542e+02   3.5813220e-25
   1.3869070e+02   3.5785987e-25
   1.3911730e+02   3.5758886e-25
   1.3954520e+02   3.5731917e-25
   1.3997442e+02   3.5705081e-25
   1.4040496e+02   3.5678377e-25
   1.4083683e+02   3.5651806e-25
   1.4127002e+02   3.5625367e-25
   1.4170455e+02   3.5599060e-25
   1.4214041e+02   3.5572885e-25
   1.4257762e+02   3.5546843e-25
   1.4301617e+02   3.5520934e-25
   1.4345606e+02   3.5495157e-25
   1.4389731e+02   3.5469512e-25
   1.4433992e+02   3.5444000e-25
   1.4478389e+02   3.5418620e-25
   1.4522922e+02   3.5393373e-25
   1.4567593e+02   3.5368259e-25
   1.4612401e+02   3.5343278e-25
   1.4657346e+02   3.5318429e-25
   1.4702430e+02   3.5293713e-25
   1.4747653e+02   3.5269131e-25
   1.4793015e+02   3.5244681e-25
   1.4838516e+02   3.5220364e-25
   1.4884157e+02   3.5196181e-25
   1.4929939e+02   3.5172131e-25
   1.4975861e+02   3.5148214e-25
   1.5021925e+02   3.5124431e-25
   1.5068130e+02   3.5100781e-25
   1.5114477e+02   3.5077265e-25
   1.5160967e+02   3.5053883e-25
   1.5207600e+02   3.5030634e-25
   1.5254377e+02   3.5007520e-25
   1.5301297e+02   3.4984540e-25
   1.5348362e+02   3.4961694e-25
   1.5395571e+02   3.4938983e-25
   1.5442926e+02   3.4916406e-25
   1.5490426e+02   3.4893964e-25
   1.5538072e+02   3.4871657e-25
   1.5585865e+02   3.4849485e-25
   1.5633805e+02   3.4827448e-25
   1.5681892e+02   3.4805546e-25
   1.5730128e+02   3.4783780e-25
   1.5778511e+02   3.4762149e-25
   1.5827044e+02   3.4740655e-25
   1.5875725e+02   3.4719296e-25
   1.5924557e+02   3.4698073e-25
   1.5973539e+02   3.4676987e-25
   1.6022671e+02   3.4656037e-25
   1.6071954e+02   3.4635224e-25
   1.6121389e+02   3.4614548e-25
   1.6170976e+02   3.4594009e-25
   1.6220716e+02   3.4573607e-25
   1.6270609e+02   3.4553343e-25
   1.6320655e+02   3.4533216e-25
   1.6370855e+02   3.4513227e-25
   1.6421209e+02   3.4493377e-25
   1.6471719e+02   3.4473664e-25
   1.6522383e+02   3.4454091e-25
   1.6573204e+02   3.4434656e-25
   1.6624181e+02   3.4415360e-25
   1.6675314e+02   3.4396203e-25
   1.6726605e+02   3.4377186e-25
   1.6778054e+02   3.4358308e-25
   1.6829661e+02   3.4339571e-25
   1.6881426e+02   3.4320974e-25
   1.6933351e+02   3.4302517e-25
   1.6985436e+02   3.4284200e-25
   1.7037681e+02   3.4266025e-25
   1.7090086e+02   3.4247991e-25
   1.7142653e+02   3.4230098e-25
   1.7195381e+02   3.4212347e-25
   1.7248272e+02   3.4194739e-25
   1.7301325e+02   3.4177272e-25
   1.7354541e+02   3.4159948e-25
   1.7407921e+02   3.4142767e-25
   1.7461466e+02   3.4125728e-25
   1.7515175e+02   3.4108834e-25
   1.7569049e+02   3.4092082e-25
   1.7623089e+02   3.4075475e-25
   1.7677295e+02   3.4059012e-25
   1.7731668e+02   3.4042694e-25
   1.7786208e+02   3.4026521e-25
   1.7840916e+02   3.4010492e-25
   1.7895792e+02   3.3994610e-25
   1.7950837e+02   3.3978872e-25
   1.8006051e+02   3.3963282e-25
   1.8061435e+02   3.3947837e-25
   1.8116989e+02   3.3932539e-25
   1.8172715e+02   3.3917388e-25
   1.8228611e+02   3.3902385e-25
   1.8284680e+02   3.3887529e-25
   1.8340921e+02   3.3872822e-25
   1.8397335e+02   3.3858262e-25
   1.8453923e+02   3.3843852e-25
   1.8510684e+02   3.3829590e-25
   1.8567621e+02   3.3815478e-25
   1.8624732e+02   3.3801515e-25
   1.8682019e+02   3.3787703e-25
   1.8739482e+02   3.3774041e-25
   1.8797122e+02   3.3760530e-25
   1.8854939e+02   3.3747170e-25
   1.8912935e+02   3.3733962e-25
   1.8971108e+02   3.3720905e-25
   1.9029460e+02   3.3708001e-25
   1.9087992e+02   3.3695250e-25
   1.9146704e+02   3.3682651e-25
   1.9205597e+02   3.3670206e-25
   1.9264671e+02   3.3657914e-25
   1.9323926e+02   3.3645777e-25
   1.9383364e+02   3.3633794e-25
   1.9442984e+02   3.3621966e-25
   1.9502788e+02   3.3610294e-25
   1.9562776e+02   3.3598777e-25
   1.9622948e+02   3.3587416e-25
   1.9683305e+02   3.3576212e-25
   1.9743849e+02   3.3565164e-25
   1.9804578e+02   3.3554274e-25
   1.9865494e+02   3.3543542e-25
   1.9926597e+02   3.3532968e-25
   1.9987889e+02   3.3522552e-25
   2.0049369e+02   3.3512295e-25
   2.0111038e+02   3.3502198e-25
   2.0172896e+02   3.3492260e-25
   2.0234945e+02   3.3482483e-25
   2.0297185e+02   3.3472866e-25
   2.0359616e+02   3.3463411e-25
   2.0422240e+02   3.3454117e-25
   2.0485056e+02   3.3444985e-25
   2.0548065e+02   3.3436015e-25
   2.0611268e+02   3.3427208e-25
   2.0674665e+02   3.3418565e-25
   2.0738257e+02   3.3410085e-25
   2.0802045e+02   3.3401770e-25
   2.0866029e+02   3.3393619e-25
   2.0930210e+02   3.3385633e-25
   2.0994589e+02   3.3377813e-25
   2.1059165e+02   3.3370158e-25
   2.1123940e+02   3.3362671e-25
   2.1188914e+02   3.3355350e-25
   2.1254088e+02   3.3348196e-25
   2.1319463e+02   3.3341211e-25
   2.1385039e+02   3.3334394e-25
   2.1450816e+02   3.3327746e-25
   2.1516796e+02   3.3321267e-25
   2.1582978e+02   3.3314958e-25
   2.1649364e+02   3.3308819e-25
   2.1715955e+02   3.3302851e-25
   2.1782750e+02   3.3297054e-25
   2.1849750e+02   3.3291429e-25
   2.1916957e+02   3.3285976e-25
   2.1984371e+02   3.3280696e-25
   2.2051991e+02   3.3275590e-25
   2.2119820e+02   3.3270657e-25
   2.2187858e+02   3.3265898e-25
   2.2256104e+02   3.3261315e-25
   2.2324561e+02   3.3256906e-25
   2.2393228e+02   3.3252673e-25
   2.2462107e+02   3.3248617e-25
   2.2531197e+02   3.3244738e-25
   2.2600500e+02   3.3241036e-25
   2.2670016e+02   3.3237511e-25
   2.2739745e+02   3.3234166e-25
   2.2809689e+02   3.3230999e-25
   2.2879849e+02   3.3228012e-25
   2.2950224e+02   3.3225204e-25
   2.3020816e+02   3.3222578e-25
   2.3091624e+02   3.3220132e-25
   2.3162651e+02   3.3217868e-25
   2.3233896e+02   3.3215786e-25
   2.3305360e+02   3.3213887e-25
   2.3377044e+02   3.3212172e-25
   2.3448949e+02   3.3210640e-25
   2.3521074e+02   3.3209292e-25
   2.3593422e+02   3.3208130e-25
   2.3665992e+02   3.3207153e-25
   2.3738785e+02   3.3206362e-25
   2.3811802e+02   3.3205758e-25
   2.3885044e+02   3.3205341e-25
   2.3958511e+02   3.3205111e-25
   2.4032204e+02   3.3205070e-25
   2.4106123e+02   3.3205218e-25
   2.4180270e+02   3.3205556e-25
   2.4254646e+02   3.3206084e-25
   2.4329249e+02   3.3206802e-25
   2.4404083e+02   3.3207711e-25
   2.4479146e+02   3.3208813e-25
   2.4554441e+02   3.3210106e-25
   2.4629967e+02   3.3211593e-25
   2.4705725e+02   3.3213273e-25
   2.4781716e+02   3.3215148e-25
   2.4857941e+02   3.3217217e-25
   2.4934401e+02   3.3219482e-25
   2.5011095e+02   3.3221943e-25
   2.5088026e+02   3.3224600e-25
   2.5165193e+02   3.3227455e-25
   2.5242598e+02   3.3230507e-25
   2.5320240e+02   3.3233758e-25
   2.5398122e+02   3.3237208e-25
   2.5476243e+02   3.3240857e-25
   2.5554604e+02   3.3244707e-25
   2.5633206e+02   3.3248758e-25
   2.5712050e+02   3.3253010e-25
   2.5791137e+02   3.3257464e-25
   2.5870467e+02   3.3262121e-25
   2.5950041e+02   3.3266982e-25
   2.6029859e+02   3.3272046e-25
   2.6109924e+02   3.3277316e-25
   2.6190234e+02   3.3282790e-25
   2.6270792e+02   3.3288471e-25
   2.6351597e+02   3.3294358e-25
   2.6432650e+02   3.3300452e-25
   2.6513954e+02   3.3306754e-25
   2.6595507e+02   3.3313265e-25
   2.6677311e+02   3.3319985e-25
   2.6759366e+02   3.3326914e-25
   2.6841674e+02   3.3334054e-25
   2.6924236e+02   3.3341405e-25
   2.7007051e+02   3.3348968e-25
   2.7090121e+02   3.3356744e-25
   2.7173446e+02   3.3364732e-25
   2.7257028e+02   3.3372934e-25
   2.7340866e+02   3.3381351e-25
   2.7424963e+02   3.3389983e-25
   2.7509318e+02   3.3398830e-25
   2.7593933e+02   3.3407894e-25
   2.7678808e+02   3.3417175e-25
   2.7763944e+02   3.3426674e-25
   2.7849342e+02   3.3436392e-25
   2.7935003e+02   3.3446328e-25
   2.8020927e+02   3.3456484e-25
   2.8107115e+02   3.3466861e-25
   2.8193569e+02   3.3477459e-25
   2.8280288e+02   3.3488279e-25
   2.8367274e+02   3.3499321e-25
   2.8454528e+02   3.3510587e-25
   2.8542050e+02   3.3522076e-25
   2.8629841e+02   3.3533791e-25
   2.8717903e+02   3.3545730e-25
   2.8806235e+02   3.3557896e-25
   2.8894839e+02   3.3570288e-25
   2.8983715e+02   3.3582908e-25
   2.9072865e+02   3.3595756e-25
   2.9162289e+02   3.3608833e-25
   2.9251988e+02   3.3622139e-25
   2.9341963e+02   3.3635676e-25
   2.9432215e+02   3.3649444e-25
   2.9522744e+02   3.3663443e-25
   2.9613552e+02   3.3677675e-25
   2.9704639e+02   3.3692140e-25
   2.9796006e+02   3.3706839e-25
   2.9887654e+02   3.3721772e-25
   2.9979584e+02   3.3736941e-25
   3.0071797e+02   3.3752346e-25
   3.0164294e+02   3.3767988e-25
   3.0257075e+02   3.3783867e-25
   3.0350142e+02   3.3799984e-25
   3.0443494e+02   3.3816341e-25
   3.0537134e+02   3.3832937e-25
   3.0631062e+02   3.3849773e-25
   3.0725279e+02   3.3866851e-25
   3.0819785e+02   3.3884171e-25
   3.0914583e+02   3.3901733e-25
   3.1009672e+02   3.3919539e-25
   3.1105053e+02   3.3937589e-25
   3.1200728e+02   3.3955884e-25
   3.1296697e+02   3.3974425e-25
   3.1392961e+02   3.3993212e-25
   3.1489521e+02   3.4012247e-25
   3.1586378e+02   3.4031529e-25
   3.1683534e+02   3.4051060e-25
   3.1780988e+02   3.4070841e-25
   3.1878741e+02   3.4090872e-25
   3.1976796e+02   3.4111154e-25
   3.2075152e+02   3.4131688e-25
   3.2173811e+02   3.4152475e-25
   3.2272773e+02   3.4173515e-25
   3.2372039e+02   3.4194809e-25
   3.2471611e+02   3.4216359e-25
   3.2571489e+02   3.4238164e-25
   3.2671674e+02   3.4260225e-25
   3.2772168e+02   3.4282544e-25
   3.2872970e+02   3.4305122e-25
   3.2974083e+02   3.4327958e-25
   3.3075506e+02   3.4351054e-25
   3.3177242e+02   3.4374411e-25
   3.3279290e+02   3.4398029e-25
   3.3381653e+02   3.4421909e-25
   3.3484330e+02   3.4446053e-25
   3.3587323e+02   3.4470460e-25
   3.3690633e+02   3.4495133e-25
   3.3794261e+02   3.4520071e-25
   3.3898207e+02   3.4545275e-25
   3.4002473e+02   3.4570747e-25
   3.4107060e+02   3.4596487e-25
   3.4211968e+02   3.4622496e-25
   3.4317199e+02   3.4648776e-25
   3.4422754e+02   3.4675326e-25
   3.4528634e+02   3.4702148e-25
   3.4634839e+02   3.4729243e-25
   3.4741371e+02   3.4756611e-25
   3.4848230e+02   3.4784254e-25
   3.4955418e+02   3.4812172e-25
   3.5062936e+02   3.4840367e-25
   3.5170785e+02   3.4868840e-25
   3.5278965e+02   3.4897591e-25
   3.5387478e+02   3.4926622e-25
   3.5496325e+02   3.4955933e-25
   3.5605507e+02   3.4985526e-25
   3.5715024e+02   3.5015402e-25
   3.5824879e+02   3.5045562e-25
   3.5935071e+02   3.5076006e-25
   3.6045602e+02   3.5106738e-25
   3.6156473e+02   3.5137756e-25
   3.6267685e+02   3.5169064e-25
   3.6379240e+02   3.5200661e-25
   3.6491137e+02   3.5232551e-25
   3.6603379e+02   3.5264733e-25
   3.6715965e+02   3.5297210e-25
   3.6828898e+02   3.5329983e-25
   3.6942179e+02   3.5363054e-25
   3.7055808e+02   3.5396425e-25
   3.7169786e+02   3.5430097e-25
   3.7284115e+02   3.5464074e-25
   3.7398796e+02   3.5498357e-25
   3.7513829e+02   3.5532948e-25
   3.7629216e+02   3.5567851e-25
   3.7744959e+02   3.5603068e-25
   3.7861057e+02   3.5638603e-25
   3.7977512e+02   3.5674459e-25
   3.8094325e+02   3.5710640e-25
   3.8211498e+02   3.5747152e-25
   3.8329031e+02   3.5783999e-25
   3.8446926e+02   3.5821188e-25
   3.8565183e+02   3.5858725e-25
   3.8683804e+02   3.5896619e-25
   3.8802790e+02   3.5934879e-25
   3.8922142e+02   3.5973516e-25
   3.9041861e+02   3.6012545e-25
   3.9161948e+02   3.6051980e-25
   3.9282405e+02   3.6091843e-25
   3.9403232e+02   3.6132156e-25
   3.9524431e+02   3.6172951e-25
   3.9646002e+02   3.6214265e-25
   3.9767948e+02   3.6256146e-25
   3.9890268e+02   3.6298658e-25
   4.0012965e+02   3.6341882e-25
   4.0136039e+02   3.6385928e-25
   4.0259492e+02   3.6430947e-25
   4.0383324e+02   3.6477145e-25
   4.0507538e+02   3.6524820e-25
   4.0632133e+02   3.6574408e-25
   4.0757112e+02   3.6626572e-25
   4.0882475e+02   3.6682359e-25
   4.1008224e+02   3.6743500e-25
   4.1134359e+02   3.6813042e-25
   4.1260883e+02   3.6896751e-25
   4.1387795e+02   3.7006660e-25
   4.1515098e+02   3.7171491e-25
   4.1642793e+02   3.7474753e-25
   4.1770880e+02   3.8252171e-25
   4.1899361e+02   4.2129729e-25
   4.2028238e+02   5.9969199e-24
   4.2157511e+02   4.1490822e-25
   4.2287181e+02   3.8276380e-25
   4.2417251e+02   3.7671862e-25
   4.2547720e+02   3.7487348e-25
   4.2678591e+02   3.7427221e-25
   4.2809864e+02   3.7416620e-25
   4.2941541e+02   3.7429621e-25
   4.3073623e+02   3.7455347e-25
   4.3206111e+02   3.7488596e-25
   4.3339007e+02   3.7526626e-25
   4.3472312e+02   3.7567886e-25
   4.3606027e+02   3.7611443e-25
   4.3740153e+02   3.7656711e-25
   4.3874691e+02   3.7703307e-25
   4.4009643e+02   3.7750972e-25
   4.4145011e+02   3.7799526e-25
   4.4280795e+02   3.7848841e-25
   4.4416996e+02   3.7898825e-25
   4.4553616e+02   3.7949409e-25
   4.4690657e+02   3.8000542e-25
   4.4828119e+02   3.8052183e-25
   4.4966004e+02   3.8104304e-25
   4.5104313e+02   3.8156881e-25
   4.5243047e+02   3.8209895e-25
   4.5382209e+02   3.8263332e-25
   4.5521798e+02   3.8317180e-25
   4.5661816e+02   3.8371430e-25
   4.5802266e+02   3.8426075e-25
   4.5943147e+02   3.8481107e-25
   4.6084462e+02   3.8536523e-25
   4.6226211e+02   3.8592319e-25
   4.6368396e+02   3.8648491e-25
   4.6511019e+02   3.8705036e-25
   4.6654080e+02   3.8761954e-25
   4.6797581e+02   3.8819241e-25
   4.6941524e+02   3.8876897e-25
   4.7085910e+02   3.8934921e-25
   4.7230739e+02   3.8993312e-25
   4.7376014e+02   3.9052069e-25
   4.7521736e+02   3.9111193e-25
   4.7667906e+02   3.9170683e-25
   4.7814526e+02   3.9230538e-25
   4.7961597e+02   3.9290760e-25
   4.8109120e+02   3.9351348e-25
   4.8257096e+02   3.9412302e-25
   4.8405528e+02   3.9473623e-25
   4.8554417e+02   3.9535310e-25
   4.8703763e+02   3.9597366e-25
   4.8853569e+02   3.9659789e-25
   4.9003836e+02   3.9722581e-25
   4.9154565e+02   3.9785742e-25
   4.9305757e+02   3.9849272e-25
   4.9457415e+02   3.9913173e-25
   4.9609539e+02   3.9977445e-25
   4.9762131e+02   4.0042088e-25
   4.9915192e+02   4.0107104e-25
   5.0068724e+02   4.0172493e-25
   5.0222728e+02   4.0238255e-25
   5.0377206e+02   4.0304392e-25
   5.0532159e+02   4.0370904e-25
   5.0687589e+02   4.0437792e-25
   5.0843497e+02   4.0505057e-25
   5.0999884e+02   4.0572700e-25
   5.1156753e+02   4.0640721e-25
   5.1314103e+02   4.0709121e-25
   5.1471938e+02   4.0777902e-25
   5.1630259e+02   4.0847063e-25
   5.1789066e+02   4.0916606e-25
   5.1948362e+02   4.0986531e-25
   5.2108148e+02   4.1056840e-25
   5.2268425e+02   4.1127534e-25
   5.2429195e+02   4.1198612e-25
   5.2590460e+02   4.1270077e-25
   5.2752221e+02   4.1341928e-25
   5.2914479e+02   4.1414168e-25
   5.3077236e+02   4.1486796e-25
   5.3240495e+02   4.1559813e-25
   5.3404255e+02   4.1633221e-25
   5.3568519e+02   4.1707020e-25
   5.3733288e+02   4.1781212e-25
   5.3898564e+02   4.1855797e-25
   5.4064348e+02   4.1930776e-25
   5.4230642e+02   4.2006149e-25
   5.4397448e+02   4.2081919e-25
   5.4564767e+02   4.2158086e-25
   5.4732600e+02   4.2234650e-25
   5.4900950e+02   4.2311613e-25
   5.5069818e+02   4.2388975e-25
   5.5239205e+02   4.2466738e-25
   5.5409112e+02   4.2544902e-25
   5.5579543e+02   4.2623469e-25
   5.5750498e+02   4.2702439e-25
   5.5921978e+02   4.2781813e-25
   5.6093986e+02   4.2861592e-25
   5.6266524e+02   4.2941777e-25
   5.6439591e+02   4.3022370e-25
   5.6613192e+02   4.3103370e-25
   5.6787326e+02   4.3184780e-25
   5.6961995e+02   4.3266599e-25
   5.7137202e+02   4.3348829e-25
   5.7312948e+02   4.3431471e-25
   5.7489235e+02   4.3514525e-25
   5.7666064e+02   4.3597993e-25
   5.7843436e+02   4.3681876e-25
   5.8021354e+02   4.3766175e-25
   5.8199820e+02   4.3850890e-25
   5.8378834e+02   4.3936023e-25
   5.8558399e+02   4.4021574e-25
   5.8738517e+02   4.4107545e-25
   5.8919188e+02   4.4193936e-25
   5.9100415e+02   4.4280748e-25
   5.9282199e+02   4.4367983e-25
   5.9464543e+02   4.4455642e-25
   5.9647448e+02   4.4543725e-25
   5.9830915e+02   4.4632233e-25
   6.0014946e+02   4.4721168e-25
   6.0199543e+02   4.4810530e-25
   6.0384709e+02   4.4900320e-25
   6.0570443e+02   4.4990540e-25
   6.0756750e+02   4.5081190e-25
   6.0943629e+02   4.5172272e-25
   6.1131083e+02   4.5263786e-25
   6.1319113e+02   4.5355733e-25
   6.1507722e+02   4.5448114e-25
   6.1696911e+02   4.5540931e-25
   6.1886682e+02   4.5634185e-25
   6.2077037e+02   4.5727875e-25
   6.2267977e+02   4.5822005e-25
   6.2459504e+02   4.5916573e-25
   6.2651621e+02   4.6011582e-25
   6.2844328e+02   4.6107033e-25
   6.3037629e+02   4.6202926e-25
   6.3231523e+02   4.6299263e-25
   6.3426014e+02   4.6396044e-25
   6.3621104e+02   4.6493271e-25
   6.3816793e+02   4.6590944e-25
   6.4013085e+02   4.6689065e-25
   6.4209980e+02   4.6787635e-25
   6.4407481e+02   4.6886655e-25
   6.4605589e+02   4.6986125e-25
   6.4804307e+02   4.7086048e-25
   6.5003635e+02   4.7186423e-25
   6.5203577e+02   4.7287252e-25
   6.5404134e+02   4.7388537e-25
   6.5605308e+02   4.7490277e-25
   6.5807101e+02   4.7592475e-25
   6.6009514e+02   4.7695131e-25
   6.6212550e+02   4.7798246e-25
   6.6416210e+02   4.7901821e-25
   6.6620497e+02   4.8005858e-25
   6.6825412e+02   4.8110358e-25
   6.7030958e+02   4.8215321e-25
   6.7237136e+02   4.8320749e-25
   6.7443947e+02   4.8426643e-25
   6.7651395e+02   4.8533003e-25
   6.7859481e+02   4.8639832e-25
   6.8068208e+02   4.8747129e-25
   6.8277576e+02   4.8854897e-25
   6.8487588e+02   4.8963136e-25
   6.8698246e+02   4.9071847e-25
   6.8909552e+02   4.9181032e-25
   6.9121508e+02   4.9290691e-25
   6.9334116e+02   4.9400827e-25
   6.9547378e+02   4.9511439e-25
   6.9761296e+02   4.9622529e-25
   6.9975872e+02   4.9734098e-25
   7.0191107e+02   4.9846147e-25
   7.0407005e+02   4.9958677e-25
   7.0623567e+02   5.0071690e-25
   7.0840795e+02   5.0185187e-25
   7.1058691e+02   5.0299168e-25
   7.1277258e+02   5.0413635e-25
   7.1496497e+02   5.0528590e-25
   7.1716410e+02   5.0644032e-25
   7.1936999e+02   5.0759964e-25
   7.2158267e+02   5.0876387e-25
   7.2380216e+02   5.0993301e-25
   7.2602847e+02   5.1110707e-25
   7.2826163e+02   5.1228608e-25
   7.3050166e+02   5.1347004e-25
   7.3274858e+02   5.1465897e-25
   7.3500241e+02   5.1585287e-25
   7.3726317e+02   5.1705176e-25
   7.3953089e+02   5.1825564e-25
   7.4180558e+02   5.1946454e-25
   7.4408727e+02   5.2067847e-25
   7.4637598e+02   5.2189742e-25
   7.4867172e+02   5.2312143e-25
   7.5097453e+02   5.2435049e-25
   7.5328442e+02   5.2558463e-25
   7.5560142e+02   5.2682385e-25
   7.5792554e+02   5.2806817e-25
   7.6025681e+02   5.2931760e-25
   7.6259525e+02   5.3057215e-25
   7.6494089e+02   5.3183184e-25
   7.6729374e+02   5.3309667e-25
   7.6965382e+02   5.3436667e-25
   7.7202117e+02   5.3564183e-25
   7.7439580e+02   5.3692219e-25
   7.7677773e+02   5.3820774e-25
   7.7916699e+02   5.3949851e-25
   7.8156359e+02   5.4079451e-25
   7.8396757e+02   5.4209575e-25
   7.8637895e+02   5.4340225e-25
   7.8879774e+02   5.4471402e-25
   7.9122397e+02   5.4603108e-25
   7.9365766e+02   5.4735345e-25
   7.9609884e+02   5.4868115e-25
   7.9854752e+02   5.5001419e-25
   8.0100374e+02   5.5135260e-25
   8.0346752e+02   5.5269640e-25
   8.0593887e+02   5.5404564e-25
   8.0841782e+02   5.5540035e-25
   8.1090440e+02   5.5676057e-25
   8.1339863e+02   5.5812639e-25
   8.1590052e+02   5.5949790e-25
   8.1841012e+02   5.6087527e-25
   8.2092743e+02   5.6225873e-25
   8.2345249e+02   5.6364875e-25
   8.2598531e+02   5.6504616e-25
   8.2852592e+02   5.6645282e-25
   8.3107435e+02   5.6787335e-25
   8.3363062e+02   5.6932240e-25
   8.3619475e+02   5.7086994e-25
   8.3876676e+02   5.7343562e-25
   8.4134669e+02   5.7869852e-25
   8.4393456e+02   5.7524931e-25
   8.4653038e+02   5.7646430e-25
   8.4913419e+02   5.7785163e-25
   8.5174600e+02   5.7927771e-25
   8.5436585e+02   5.8072021e-25
   8.5699376e+02   5.8217285e-25
   8.5962975e+02   5.8363336e-25
   8.6227385e+02   5.8510072e-25
   8.6492608e+02   5.8657446e-25
   8.6758647e+02   5.8805433e-25
   8.7025504e+02   5.8954017e-25
   8.7293182e+02   5.9103191e-25
   8.7561684e+02   5.9252951e-25
   8.7831011e+02   5.9403294e-25
   8.8101167e+02   5.9554218e-25
   8.8372154e+02   5.9705724e-25
   8.8643974e+02   5.9857811e-25
   8.8916630e+02   6.0010479e-25
   8.9190125e+02   6.0163730e-25
   8.9464461e+02   6.0317564e-25
   8.9739641e+02   6.0471982e-25
   9.0015667e+02   6.0626985e-25
   9.0292543e+02   6.0782575e-25
   9.0570270e+02   6.0938753e-25
   9.0848851e+02   6.1095520e-25
   9.1128289e+02   6.1252878e-25
   9.1408587e+02   6.1410827e-25
   9.1689747e+02   6.1569370e-25
   9.1971771e+02   6.1728507e-25
   9.2254664e+02   6.1888240e-25
   9.2538426e+02   6.2048570e-25
   9.2823061e+02   6.2209500e-25
   9.3108571e+02   6.2371030e-25
   9.3394960e+02   6.2533162e-25
   9.3682230e+02   6.2695897e-25
   9.3970383e+02   6.2859238e-25
   9.4259423e+02   6.3023184e-25
   9.4549351e+02   6.3187739e-25
   9.4840172e+02   6.3352903e-25
   9.5131886e+02   6.3518678e-25
   9.5424499e+02   6.3685065e-25
   9.5718011e+02   6.3852067e-25
   9.6012426e+02   6.4019684e-25
   9.6307746e+02   6.4187918e-25
   9.6603975e+02   6.4356771e-25
   9.6901115e+02   6.4526245e-25
   9.7199169e+02   6.4696340e-25
   9.7498140e+02   6.4867059e-25
   9.7798031e+02   6.5038402e-25
   9.8098844e+02   6.5210373e-25
   9.8400582e+02   6.5382972e-25
   9.8703248e+02   6.5556200e-25
   9.9006845e+02   6.5730060e-25
   9.9311376e+02   6.5904553e-25
   9.9616844e+02   6.6079681e-25
   9.9923251e+02   6.6255445e-25
   1.0023060e+03   6.6431848e-25
   1.0053890e+03   6.6608889e-25
   1.0084814e+03   6.6786572e-25
   1.0115833e+03   6.6964898e-25
   1.0146948e+03   6.7143869e-25
   1.0178159e+03   6.7323486e-25
   1.0209465e+03   6.7503751e-25
   1.0240868e+03   6.7684665e-25
   1.0272368e+03   6.7866231e-25
   1.0303964e+03   6.8048449e-25
   1.0335658e+03   6.8231323e-25
   1.0367449e+03   6.8414852e-25
   1.0399337e+03   6.8599040e-25
   1.0431324e+03   6.8783888e-25
   1.0463410e+03   6.8969397e-25
   1.0495594e+03   6.9155569e-25
   1.0527876e+03   6.9342406e-25
   1.0560259e+03   6.9529910e-25
   1.0592741e+03   6.9718083e-25
   1.0625322e+03   6.9906925e-25
   1.0658004e+03   7.0096440e-25
   1.0690787e+03   7.0286628e-25
   1.0723670e+03   7.0477492e-25
   1.0756655e+03   7.0669033e-25
   1.0789741e+03   7.0861253e-25
   1.0822928e+03   7.1054154e-25
   1.0856218e+03   7.1247737e-25
   1.0889610e+03   7.1442005e-25
   1.0923105e+03   7.1636959e-25
   1.0956703e+03   7.1832601e-25
   1.0990404e+03   7.2028933e-25
   1.1024209e+03   7.2225957e-25
   1.1058118e+03   7.2423674e-25
   1.1092131e+03   7.2622087e-25
   1.1126249e+03   7.2821196e-25
   1.1160472e+03   7.3021005e-25
   1.1194800e+03   7.3221515e-25
   1.1229234e+03   7.3422727e-25
   1.1263773e+03   7.3624644e-25
   1.1298419e+03   7.3827267e-25
   1.1333171e+03   7.4030599e-25
   1.1368030e+03   7.4234641e-25
   1.1402997e+03   7.4439396e-25
   1.1438071e+03   7.4644864e-25
   1.1473253e+03   7.4851048e-25
   1.1508543e+03   7.5057951e-25
   1.1543942e+03   7.5265573e-25
   1.1579449e+03   7.5473916e-25
   1.1615066e+03   7.5682984e-25
   1.1650792e+03   7.5892777e-25
   1.1686628e+03   7.6103298e-25
   1.1722575e+03   7.6314548e-25
   1.1758632e+03   7.6526530e-25
   1.1794800e+03   7.6739246e-25
   1.1831079e+03   7.6952697e-25
   1.1867469e+03   7.7166885e-25
   1.1903972e+03   7.7381813e-25
   1.1940587e+03   7.7597483e-25
   1.1977314e+03   7.7813896e-25
   1.2014155e+03   7.8031055e-25
   1.2051109e+03   7.8248962e-25
   1.2088176e+03   7.8467619e-25
   1.2125358e+03   7.8687028e-25
   1.2162654e+03   7.8907191e-25
   1.2200064e+03   7.9128112e-25
   1.2237590e+03   7.9349792e-25
   1.2275231e+03   7.9572235e-25
   1.2312988e+03   7.9795444e-25
   1.2350861e+03   8.0019425e-25
   1.2388850e+03   8.0244185e-25
   1.2426957e+03   8.0469739e-25
   1.2465180e+03   8.0696121e-25
   1.2503521e+03   8.0923432e-25
   1.2541981e+03   8.1152143e-25
   1.2580558e+03   8.1388157e-25
   1.2619254e+03   8.1651124e-25
   1.2658069e+03   8.1841092e-25
   1.2697003e+03   8.2070397e-25
   1.2736058e+03   8.2301716e-25
   1.2775232e+03   8.2534061e-25
   1.2814527e+03   8.2767274e-25
   1.2853942e+03   8.3001311e-25
   1.2893479e+03   8.3236157e-25
   1.2933138e+03   8.3471807e-25
   1.2972918e+03   8.3708260e-25
   1.3012821e+03   8.3945517e-25
   1.3052847e+03   8.4183578e-25
   1.3092995e+03   8.4422445e-25
   1.3133268e+03   8.4662120e-25
   1.3173664e+03   8.4902605e-25
   1.3214184e+03   8.5143901e-25
   1.3254829e+03   8.5386011e-25
   1.3295599e+03   8.5628937e-25
   1.3336494e+03   8.5872682e-25
   1.3377515e+03   8.6117247e-25
   1.3418663e+03   8.6362634e-25
   1.3459937e+03   8.6608847e-25
   1.3501337e+03   8.6855886e-25
   1.3542866e+03   8.7103755e-25
   1.3584522e+03   8.7352456e-25
   1.3626306e+03   8.7601991e-25
   1.3668218e+03   8.7852362e-25
   1.3710260e+03   8.8103572e-25
   1.3752431e+03   8.8355623e-25
   1.3794731e+03   8.8608517e-25
   1.3837162e+03   8.8862257e-25
   1.3879723e+03   8.9116844e-25
   1.3922415e+03   8.9372283e-25
   1.3965238e+03   8.9628574e-25
   1.4008193e+03   8.9885720e-25
   1.4051281e+03   9.0143724e-25
   1.4094500e+03   9.0402587e-25
   1.4137853e+03   9.0662313e-25
   1.4181339e+03   9.0922904e-25
   1.4224959e+03   9.1184362e-25
   1.4268713e+03   9.1446690e-25
   1.4312601e+03   9.1709889e-25
   1.4356625e+03   9.1973964e-25
   1.4400784e+03   9.2238915e-25
   1.4445079e+03   9.2504745e-25
   1.4489510e+03   9.2771458e-25
   1.4534077e+03   9.3039055e-25
   1.4578782e+03   9.3307539e-25
   1.4623624e+03   9.3576912e-25
   1.4668604e+03   9.3847177e-25
   1.4713723e+03   9.4118336e-25
   1.4758980e+03   9.4390392e-25
   1.4804377e+03   9.4663348e-25
   1.4849913e+03   9.4937206e-25
   1.4895589e+03   9.5211968e-25
   1.4941406e+03   9.5487638e-25
   1.4987364e+03   9.5764217e-25
   1.5033463e+03   9.6041708e-25
   1.5079703e+03   9.6320114e-25
   1.5126086e+03   9.6599438e-25
   1.5172612e+03   9.6879682e-25
   1.5219281e+03   9.7160848e-25
   1.5266093e+03   9.7442939e-25
   1.5313050e+03   9.7725959e-25
   1.5360150e+03   9.8009909e-25
   1.5407396e+03   9.8294792e-25
   1.5454787e+03   9.8580611e-25
   1.5502324e+03   9.8867368e-25
   1.5550007e+03   9.9155067e-25
   1.5597836e+03   9.9443709e-25
   1.5645813e+03   9.9733298e-25
   1.5693937e+03   1.0002384e-24
   1.5742210e+03   1.0031533e-24
   1.5790630e+03   1.0060777e-24
   1.5839200e+03   1.0090117e-24
   1.5887919e+03   1.0119554e-24
   1.5936788e+03   1.0149086e-24
   1.5985807e+03   1.0178715e-24
   1.6034978e+03   1.0208441e-24
   1.6084299e+03   1.0238264e-24
   1.6133772e+03   1.0268185e-24
   1.6183397e+03   1.0298203e-24
   1.6233175e+03   1.0328319e-24
   1.6283106e+03   1.0358533e-24
   1.6333190e+03   1.0388846e-24
   1.6383429e+03   1.0419258e-24
   1.6433822e+03   1.0449769e-24
   1.6484370e+03   1.0480380e-24
   1.6535074e+03   1.0511090e-24
   1.6585933e+03   1.0541901e-24
   1.6636949e+03   1.0572813e-24
   1.6688122e+03   1.0603829e-24
   1.6739452e+03   1.0634964e-24
   1.6790941e+03   1.0666633e-24
   1.6842587e+03   1.0697608e-24
   1.6894393e+03   1.0728893e-24
   1.6946357e+03   1.0760396e-24
   1.6998482e+03   1.0792011e-24
   1.7050767e+03   1.0823731e-24
   1.7103213e+03   1.0855555e-24
   1.7155820e+03   1.0887483e-24
   1.7208588e+03   1.0919514e-24
   1.7261520e+03   1.0951649e-24
   1.7314614e+03   1.0983889e-24
   1.7367871e+03   1.1016232e-24
   1.7421292e+03   1.1048681e-24
   1.7474877e+03   1.1081234e-24
   1.7528628e+03   1.1113892e-24
   1.7582543e+03   1.1146657e-24
   1.7636625e+03   1.1179527e-24
   1.7690872e+03   1.1212503e-24
   1.7745287e+03   1.1245586e-24
   1.7799869e+03   1.1278775e-24
   1.7854619e+03   1.1312072e-24
   1.7909537e+03   1.1345476e-24
   1.7964624e+03   1.1378987e-24
   1.8019881e+03   1.1412607e-24
   1.8075308e+03   1.1446335e-24
   1.8130905e+03   1.1480172e-24
   1.8186673e+03   1.1514118e-24
   1.8242612e+03   1.1548173e-24
   1.8298724e+03   1.1582338e-24
   1.8355008e+03   1.1616613e-24
   1.8411466e+03   1.1650998e-24
   1.8468097e+03   1.1685493e-24
   1.8524902e+03   1.1720100e-24
   1.8581882e+03   1.1754818e-24
   1.8639037e+03   1.1789647e-24
   1.8696368e+03   1.1824588e-24
   1.8753876e+03   1.1859641e-24
   1.8811560e+03   1.1894807e-24
   1.8869422e+03   1.1930086e-24
   1.8927461e+03   1.1965478e-24
   1.8985679e+03   1.2000984e-24
   1.9044077e+03   1.2036603e-24
   1.9102653e+03   1.2072337e-24
   1.9161411e+03   1.2108185e-24
   1.9220348e+03   1.2144148e-24
   1.9279467e+03   1.2180226e-24
   1.9338768e+03   1.2216420e-24
   1.9398252e+03   1.2252729e-24
   1.9457918e+03   1.2289155e-24
   1.9517768e+03   1.2325697e-24
   1.9577802e+03   1.2362357e-24
   1.9638020e+03   1.2399133e-24
   1.9698424e+03   1.2436027e-24
   1.9759013e+03   1.2473039e-24
   1.9819789e+03   1.2510169e-24
   1.9880752e+03   1.2547418e-24
   1.9941903e+03   1.2584786e-24
   2.0003241e+03   1.2622274e-24
   2.0064768e+03   1.2659880e-24
   2.0126484e+03   1.2697607e-24
   2.0188391e+03   1.2735455e-24
   2.0250487e+03   1.2773423e-24
   2.0312775e+03   1.2811512e-24
   2.0375254e+03   1.2849723e-24
   2.0437926e+03   1.2888055e-24
   2.0500790e+03   1.2926510e-24
   2.0563847e+03   1.2965087e-24
   2.0627099e+03   1.3003787e-24
   2.0690545e+03   1.3042611e-24
   2.0754186e+03   1.3081558e-24
   2.0818023e+03   1.3120629e-24
   2.0882056e+03   1.3159827e-24
   2.0946286e+03   1.3199157e-24
   2.1010714e+03   1.3282139e-24
   2.1075340e+03   1.3278173e-24
   2.1140165e+03   1.3317858e-24
   2.1205189e+03   1.3357678e-24
   2.1270413e+03   1.3397627e-24
   2.1335838e+03   1.3437702e-24
   2.1401464e+03   1.3477905e-24
   2.1467292e+03   1.3518236e-24
   2.1533322e+03   1.3558695e-24
   2.1599556e+03   1.3599283e-24
   2.1665993e+03   1.3639999e-24
   2.1732634e+03   1.3680845e-24
   2.1799481e+03   1.3721820e-24
   2.1866533e+03   1.3762925e-24
   2.1933791e+03   1.3804160e-24
   2.2001256e+03   1.3845527e-24
   2.2068929e+03   1.3887024e-24
   2.2136810e+03   1.3928653e-24
   2.2204900e+03   1.3970414e-24
   2.2273199e+03   1.4012307e-24
   2.2341708e+03   1.4054333e-24
   2.2410428e+03   1.4096492e-24
   2.2479359e+03   1.4138784e-24
   2.2548503e+03   1.4181210e-24
   2.2617859e+03   1.4223771e-24
   2.2687428e+03   1.4266466e-24
   2.2757211e+03   1.4309297e-24
   2.2827209e+03   1.4352263e-24
   2.2897422e+03   1.4395365e-24
   2.2967852e+03   1.4438603e-24
   2.3038497e+03   1.4481977e-24
   2.3109361e+03   1.4525489e-24
   2.3180442e+03   1.4569139e-24
   2.3251741e+03   1.4612926e-24
   2.3323261e+03   1.4656852e-24
   2.3395000e+03   1.4700916e-24
   2.3466959e+03   1.4745120e-24
   2.3539140e+03   1.4789463e-24
   2.3611543e+03   1.4833946e-24
   2.3684169e+03   1.4878570e-24
   2.3757018e+03   1.4923335e-24
   2.3830091e+03   1.4968240e-24
   2.3903389e+03   1.5013288e-24
   2.3976913e+03   1.5058477e-24
   2.4050662e+03   1.5103809e-24
   2.4124639e+03   1.5149284e-24
   2.4198843e+03   1.5194903e-24
   2.4273275e+03   1.5240665e-24
   2.4347936e+03   1.5286571e-24
   2.4422827e+03   1.5332622e-24
   2.4497948e+03   1.5378818e-24
   2.4573300e+03   1.5425160e-24
   2.4648884e+03   1.5471648e-24
   2.4724701e+03   1.5518282e-24
   2.4800750e+03   1.5565063e-24
   2.4877034e+03   1.5611991e-24
   2.4953552e+03   1.5659067e-24
   2.5030306e+03   1.5706291e-24
   2.5107295e+03   1.5753666e-24
   2.5184522e+03   1.5801216e-24
   2.5261986e+03   1.5848868e-24
   2.5339688e+03   1.5896679e-24
   2.5417630e+03   1.5944650e-24
   2.5495811e+03   1.5992772e-24
   2.5574232e+03   1.6041045e-24
   2.5652895e+03   1.6089471e-24
   2.5731799e+03   1.6138048e-24
   2.5810947e+03   1.6186778e-24
   2.5890338e+03   1.6235662e-24
   2.5969973e+03   1.6284699e-24
   2.6049852e+03   1.6333890e-24
   2.6129978e+03   1.6383235e-24
   2.6210350e+03   1.6432736e-24
   2.6290970e+03   1.6482392e-24
   2.6371837e+03   1.6532204e-24
   2.6452953e+03   1.6582172e-24
   2.6534318e+03   1.6632297e-24
   2.6615934e+03   1.6682579e-24
   2.6697801e+03   1.6733020e-24
   2.6779920e+03   1.6783618e-24
   2.6862291e+03   1.6834375e-24
   2.6944915e+03   1.6885291e-24
   2.7027794e+03   1.6936368e-24
   2.7110928e+03   1.6987604e-24
   2.7194317e+03   1.7039001e-24
   2.7277963e+03   1.7090558e-24
   2.7361866e+03   1.7142278e-24
   2.7446027e+03   1.7194160e-24
   2.7530448e+03   1.7246204e-24
   2.7615127e+03   1.7298411e-24
   2.7700067e+03   1.7350782e-24
   2.7785269e+03   1.7403317e-24
   2.7870732e+03   1.7456017e-24
   2.7956459e+03   1.7508881e-24
   2.8042449e+03   1.7561912e-24
   2.8128704e+03   1.7615108e-24
   2.8215223e+03   1.7668470e-24
   2.8302010e+03   1.7722000e-24
   2.8389062e+03   1.7775697e-24
   2.8476383e+03   1.7829563e-24
   2.8563972e+03   1.7883597e-24
   2.8651831e+03   1.7937800e-24
   2.8739960e+03   1.7992172e-24
   2.8828360e+03   1.8046715e-24
   2.8917032e+03   1.8101428e-24
   2.9005977e+03   1.8156313e-24
   2.9095195e+03   1.8211369e-24
   2.9184688e+03   1.8266597e-24
   2.9274456e+03   1.8321999e-24
   2.9364500e+03   1.8377577e-24
   2.9454821e+03   1.8433329e-24
   2.9545420e+03   1.8489243e-24
   2.9636297e+03   1.8545339e-24
   2.9727454e+03   1.8601611e-24
   2.9818892e+03   1.8658059e-24
   2.9910610e+03   1.8714683e-24
   3.0002611e+03   1.8771484e-24
   3.0094895e+03   1.8828463e-24
   3.0187463e+03   1.8885619e-24
   3.0280315e+03   1.8942954e-24
   3.0373453e+03   1.9000468e-24
   3.0466877e+03   1.9058162e-24
   3.0560589e+03   1.9116036e-24
   3.0654589e+03   1.9174090e-24
   3.0748878e+03   1.9232326e-24
   3.0843457e+03   1.9290743e-24
   3.0938327e+03   1.9349343e-24
   3.1033489e+03   1.9408125e-24
   3.1128944e+03   1.9467091e-24
   3.1224692e+03   1.9526241e-24
   3.1320735e+03   1.9585576e-24
   3.1417073e+03   1.9645095e-24
   3.1513708e+03   1.9704800e-24
   3.1610639e+03   1.9764692e-24
   3.1707869e+03   1.9824770e-24
   3.1805398e+03   1.9885035e-24
   3.1903227e+03   1.9945489e-24
   3.2001357e+03   2.0006131e-24
   3.2099788e+03   2.0066961e-24
   3.2198523e+03   2.0127982e-24
   3.2297561e+03   2.0189193e-24
   3.2396903e+03   2.0250594e-24
   3.2496552e+03   2.0312187e-24
   3.2596506e+03   2.0373972e-24
   3.2696769e+03   2.0435949e-24
   3.2797339e+03   2.0498119e-24
   3.2898219e+03   2.0560483e-24
   3.2999410e+03   2.0623041e-24
   3.3100911e+03   2.0685794e-24
   3.3202725e+03   2.0748743e-24
   3.3304852e+03   2.0811888e-24
   3.3407293e+03   2.0875229e-24
   3.3510049e+03   2.0938768e-24
   3.3613121e+03   2.1002723e-24
   3.3716510e+03   2.1066439e-24
   3.3820217e+03   2.1130572e-24
   3.3924243e+03   2.1194905e-24
   3.4028590e+03   2.1259438e-24
   3.4133257e+03   2.1324173e-24
   3.4238246e+03   2.1389108e-24
   3.4343558e+03   2.1454246e-24
   3.4449194e+03   2.1519587e-24
   3.4555154e+03   2.1585130e-24
   3.4661441e+03   2.1650878e-24
   3.4768055e+03   2.1716830e-24
   3.4874996e+03   2.1782988e-24
   3.4982267e+03   2.1849351e-24
   3.5089867e+03   2.1915920e-24
   3.5197799e+03   2.1982697e-24
   3.5306062e+03   2.2049681e-24
   3.5414659e+03   2.2116873e-24
   3.5523589e+03   2.2184275e-24
   3.5632855e+03   2.2251886e-24
   3.5742456e+03   2.2319707e-24
   3.5852395e+03   2.2387739e-24
   3.5962672e+03   2.2455982e-24
   3.6073288e+03   2.2524438e-24
   3.6184244e+03   2.2593106e-24
   3.6295542e+03   2.2661987e-24
   3.6407182e+03   2.2731083e-24
   3.6519165e+03   2.2800393e-24
   3.6631493e+03   2.2869919e-24
   3.6744166e+03   2.2939661e-24
   3.6857186e+03   2.3009619e-24
   3.6970553e+03   2.3079795e-24
   3.7084270e+03   2.3150188e-24
   3.7198336e+03   2.3220801e-24
   3.7312752e+03   2.3291632e-24
   3.7427521e+03   2.3362684e-24
   3.7542643e+03   2.3433956e-24
   3.7658119e+03   2.3505450e-24
   3.7773950e+03   2.3577167e-24
   3.7890137e+03   2.3649104e-24
   3.8006682e+03   2.3721265e-24
   3.8123585e+03   2.3793650e-24
   3.8240848e+03   2.3866261e-24
   3.8358471e+03   2.3939096e-24
   3.8476456e+03   2.4012158e-24
   3.8594804e+03   2.4085446e-24
   3.8713516e+03   2.4158962e-24
   3.8832594e+03   2.4232706e-24
   3.8952037e+03   2.4306679e-24
   3.9071848e+03   2.4380881e-24
   3.9192028e+03   2.4455314e-24
   3.9312577e+03   2.4529978e-24
   3.9433497e+03   2.4604873e-24
   3.9554788e+03   2.4680000e-24
   3.9676453e+03   2.4755361e-24
   3.9798493e+03   2.4830955e-24
   3.9920907e+03   2.4906784e-24
   4.0043698e+03   2.4982848e-24
   4.0166867e+03   2.5059148e-24
   4.0290414e+03   2.5135685e-24
   4.0414342e+03   2.5212459e-24
   4.0538651e+03   2.5289471e-24
   4.0663342e+03   2.5366721e-24
   4.0788417e+03   2.5444212e-24
   4.0913876e+03   2.5521942e-24
   4.1039721e+03   2.5599914e-24
   4.1165954e+03   2.5678127e-24
   4.1292574e+03   2.5756582e-24
   4.1419584e+03   2.5835281e-24
   4.1546985e+03   2.5914224e-24
   4.1674778e+03   2.5993412e-24
   4.1802963e+03   2.6072844e-24
   4.1931543e+03   2.6152524e-24
   4.2060519e+03   2.6232452e-24
   4.2189891e+03   2.6312623e-24
   4.2319661e+03   2.6393045e-24
   4.2449830e+03   2.6473716e-24
   4.2580400e+03   2.6554638e-24
   4.2711371e+03   2.6635810e-24
   4.2842745e+03   2.6717233e-24
   4.2974524e+03   2.6798909e-24
   4.3106707e+03   2.6880837e-24
   4.3239297e+03   2.6963020e-24
   4.3372295e+03   2.7045457e-24
   4.3505702e+03   2.7128149e-24
   4.3639519e+03   2.7211098e-24
   4.3773748e+03   2.7294303e-24
   4.3908390e+03   2.7377766e-24
   4.4043446e+03   2.7461488e-24
   4.4178918e+03   2.7545468e-24
   4.4314806e+03   2.7629709e-24
   4.4451112e+03   2.7714211e-24
   4.4587837e+03   2.7798974e-24
   4.4724983e+03   2.7884000e-24
   4.4862551e+03   2.7969289e-24
   4.5000541e+03   2.8054842e-24
   4.5138957e+03   2.8140660e-24
   4.5277798e+03   2.8226743e-24
   4.5417066e+03   2.8313093e-24
   4.5556762e+03   2.8399711e-24
   4.5696888e+03   2.8486596e-24
   4.5837446e+03   2.8573750e-24
   4.5978435e+03   2.8661174e-24
   4.6119858e+03   2.8748869e-24
   4.6261716e+03   2.8836836e-24
   4.6404011e+03   2.8925073e-24
   4.6546743e+03   2.9013584e-24
   4.6689914e+03   2.9102370e-24
   4.6833526e+03   2.9191429e-24
   4.6977579e+03   2.9280765e-24
   4.7122075e+03   2.9370377e-24
   4.7267016e+03   2.9460266e-24
   4.7412403e+03   2.9550433e-24
   4.7558236e+03   2.9640879e-24
   4.7704519e+03   2.9731605e-24
   4.7851251e+03   2.9822611e-24
   4.7998435e+03   2.9913899e-24
   4.8146071e+03   3.0005470e-24
   4.8294162e+03   3.0097323e-24
   4.8442708e+03   3.0189461e-24
   4.8591711e+03   3.0281884e-24
   4.8741172e+03   3.0374593e-24
   4.8891093e+03   3.0467588e-24
   4.9041475e+03   3.0560871e-24
   4.9192319e+03   3.0654442e-24
   4.9343628e+03   3.0748303e-24
   4.9495402e+03   3.0842454e-24
   4.9647643e+03   3.0936896e-24
   4.9800352e+03   3.1031630e-24
   4.9953531e+03   3.1126657e-24
   5.0107181e+03   3.1221977e-24
   5.0261303e+03   3.1317593e-24
   5.0415900e+03   3.1413512e-24
   5.0570972e+03   3.1509711e-24
   5.0726521e+03   3.1606216e-24
   5.0882549e+03   3.1703020e-24
   5.1039056e+03   3.1800122e-24
   5.1196045e+03   3.1897525e-24
   5.1353517e+03   3.1995228e-24
   5.1511473e+03   3.2093234e-24
   5.1669915e+03   3.2191543e-24
   5.1828844e+03   3.2290155e-24
   5.1988262e+03   3.2389072e-24
   5.2148171e+03   3.2488295e-24
   5.2308571e+03   3.2587825e-24
   5.2469465e+03   3.2687662e-24
   5.2630854e+03   3.2787808e-24
   5.2792739e+03   3.2888263e-24
   5.2955122e+03   3.2989028e-24
   5.3118004e+03   3.3090105e-24
   5.3281387e+03   3.3191494e-24
   5.3445273e+03   3.3293197e-24
   5.3609663e+03   3.3395213e-24
   5.3774559e+03   3.3497545e-24
   5.3939962e+03   3.3600193e-24
   5.4105874e+03   3.3703158e-24
   5.4272296e+03   3.3806441e-24
   5.4439230e+03   3.3910044e-24
   5.4606677e+03   3.4013968e-24
   5.4774639e+03   3.4118209e-24
   5.4943118e+03   3.4222775e-24
   5.5112116e+03   3.4327663e-24
   5.5281633e+03   3.4432875e-24
   5.5451671e+03   3.4538412e-24
   5.5622233e+03   3.4644275e-24
   5.5793319e+03   3.4750466e-24
   5.5964931e+03   3.4856984e-24
   5.6137071e+03   3.4963831e-24
   5.6309741e+03   3.5071008e-24
   5.6482942e+03   3.5178516e-24
   5.6656675e+03   3.5286356e-24
   5.6830943e+03   3.5394529e-24
   5.7005747e+03   3.5503036e-24
   5.7181088e+03   3.5611878e-24
   5.7356969e+03   3.5721056e-24
   5.7533391e+03   3.5830572e-24
   5.7710356e+03   3.5940425e-24
   5.7887865e+03   3.6050618e-24
   5.8065919e+03   3.6161151e-24
   5.8244522e+03   3.6272025e-24
   5.8423674e+03   3.6383277e-24
   5.8603377e+03   3.6494874e-24
   5.8783632e+03   3.6606816e-24
   5.8964443e+03   3.6719103e-24
   5.9145809e+03   3.6831736e-24
   5.9327733e+03   3.6944716e-24
   5.9510217e+03   3.7058045e-24
   5.9693262e+03   3.7171724e-24
   5.9876870e+03   3.7285754e-24
   6.0061042e+03   3.7400135e-24
   6.0245781e+03   3.7514869e-24
   6.0431089e+03   3.7629957e-24
   6.0616966e+03   3.7745399e-24
   6.0803416e+03   3.7861198e-24
   6.0990438e+03   3.7977355e-24
   6.1178036e+03   3.8093869e-24
   6.1366211e+03   3.8210743e-24
   6.1554965e+03   3.8327977e-24
   6.1744299e+03   3.8445573e-24
   6.1934216e+03   3.8563531e-24
   6.2124717e+03   3.8681854e-24
   6.2315804e+03   3.8800541e-24
   6.2507478e+03   3.8919594e-24
   6.2699742e+03   3.9039014e-24
   6.2892598e+03   3.9158803e-24
   6.3086046e+03   3.9278961e-24
   6.3280090e+03   3.9399490e-24
   6.3474731e+03   3.9520390e-24
   6.3669970e+03   3.9641663e-24
   6.3865810e+03   3.9763310e-24
   6.4062252e+03   3.9885332e-24
   6.4259298e+03   4.0007731e-24
   6.4456951e+03   4.0130507e-24
   6.4655211e+03   4.0253661e-24
   6.4854081e+03   4.0377195e-24
   6.5053563e+03   4.0501110e-24
   6.5253659e+03   4.0625407e-24
   6.5454370e+03   4.0750088e-24
   6.5655698e+03   4.0875152e-24
   6.5857646e+03   4.1000603e-24
   6.6060215e+03   4.1126440e-24
   6.6263406e+03   4.1252665e-24
   6.6467223e+03   4.1379279e-24
   6.6671667e+03   4.1506284e-24
   6.6876740e+03   4.1633680e-24
   6.7082443e+03   4.1761469e-24
   6.7288779e+03   4.1889652e-24
   6.7495750e+03   4.2018230e-24
   6.7703357e+03   4.2147204e-24
   6.7911603e+03   4.2276576e-24
   6.8120489e+03   4.2406346e-24
   6.8330018e+03   4.2536517e-24
   6.8540192e+03   4.2667089e-24
   6.8751012e+03   4.2798064e-24
   6.8962480e+03   4.2929442e-24
   6.9174599e+03   4.3061225e-24
   6.9387370e+03   4.3193415e-24
   6.9600796e+03   4.3326011e-24
   6.9814878e+03   4.3459017e-24
   7.0029619e+03   4.3592432e-24
   7.0245020e+03   4.3726259e-24
   7.0461083e+03   4.3860498e-24
   7.0677812e+03   4.3995151e-24
   7.0895207e+03   4.4130219e-24
   7.1113270e+03   4.4265703e-24
   7.1332004e+03   4.4401605e-24
   7.1551412e+03   4.4537926e-24
   7.1771494e+03   4.4674667e-24
   7.1992252e+03   4.4811829e-24
   7.2213690e+03   4.4949414e-24
   7.2435809e+03   4.5087422e-24
   7.2658612e+03   4.5225857e-24
   7.2882099e+03   4.5364717e-24
   7.3106274e+03   4.5504006e-24
   7.3331139e+03   4.5643724e-24
   7.3556695e+03   4.5783873e-24
   7.3782945e+03   4.5924453e-24
   7.4009891e+03   4.6065467e-24
   7.4237535e+03   4.6206915e-24
   7.4465879e+03   4.6348799e-24
   7.4694925e+03   4.6491120e-24
   7.4924676e+03   4.6633880e-24
   7.5155134e+03   4.6777080e-24
   7.5386300e+03   4.6920721e-24
   7.5618178e+03   4.7064804e-24
   7.5850769e+03   4.7209331e-24
   7.6084075e+03   4.7354304e-24
   7.6318099e+03   4.7499724e-24
   7.6552842e+03   4.7645591e-24
   7.6788308e+03   4.7791908e-24
   7.7024498e+03   4.7938676e-24
   7.7261414e+03   4.8085896e-24
   7.7499060e+03   4.8233570e-24
   7.7737436e+03   4.8381698e-24
   7.7976545e+03   4.8530283e-24
   7.8216390e+03   4.8679326e-24
   7.8456972e+03   4.8828828e-24
   7.8698295e+03   4.8978790e-24
   7.8940359e+03   4.9129214e-24
   7.9183169e+03   4.9280102e-24
   7.9426725e+03   4.9431455e-24
   7.9671030e+03   4.9583274e-24
   7.9916087e+03   4.9735561e-24
   8.0161898e+03   4.9888317e-24
   8.0408464e+03   5.0041543e-24
   8.0655789e+03   5.0195242e-24
   8.0903875e+03   5.0349414e-24
   8.1152724e+03   5.0504060e-24
   8.1402338e+03   5.0659184e-24
   8.1652720e+03   5.0814785e-24
   8.1903872e+03   5.0970865e-24
   8.2155797e+03   5.1127426e-24
   8.2408496e+03   5.1284470e-24
   8.2661973e+03   5.1441997e-24
   8.2916230e+03   5.1600010e-24
   8.3171268e+03   5.1758509e-24
   8.3427091e+03   5.1917496e-24
   8.3683701e+03   5.2076974e-24
   8.3941100e+03   5.2236942e-24
   8.4199291e+03   5.2397403e-24
   8.4458276e+03   5.2558358e-24
   8.4718058e+03   5.2719809e-24
   8.4978639e+03   5.2881758e-24
   8.5240021e+03   5.3044205e-24
   8.5502207e+03   5.3207153e-24
   8.5765200e+03   5.3370602e-24
   8.6029001e+03   5.3534555e-24
   8.6293614e+03   5.3699013e-24
   8.6559041e+03   5.3863977e-24
   8.6825285e+03   5.4029449e-24
   8.7092347e+03   5.4195432e-24
   8.7360231e+03   5.4361925e-24
   8.7628938e+03   5.4528931e-24
   8.7898472e+03   5.4696451e-24
   8.8168836e+03   5.4864488e-24
   8.8440030e+03   5.5033041e-24
   8.8712059e+03   5.5202114e-24
   8.8984925e+03   5.5371708e-24
   8.9258630e+03   5.5541824e-24
   8.9533177e+03   5.5712464e-24
   8.9808568e+03   5.5883629e-24
   9.0084807e+03   5.6055321e-24
   9.0361895e+03   5.6227542e-24
   9.0639835e+03   5.6400294e-24
   9.0918630e+03   5.6573577e-24
   9.1198283e+03   5.6747395e-24
   9.1478796e+03   5.6921747e-24
   9.1760172e+03   5.7096636e-24
   9.2042413e+03   5.7272064e-24
   9.2325522e+03   5.7448032e-24
   9.2609503e+03   5.7624542e-24
   9.2894356e+03   5.7801596e-24
   9.3180086e+03   5.7979195e-24
   9.3466695e+03   5.8157340e-24
   9.3754185e+03   5.8336035e-24
   9.4042560e+03   5.8515279e-24
   9.4331821e+03   5.8695075e-24
   9.4621973e+03   5.8875425e-24
   9.4913016e+03   5.9056331e-24
   9.5204955e+03   5.9237793e-24
   9.5497792e+03   5.9419814e-24
   9.5791530e+03   5.9602396e-24
   9.6086171e+03   5.9785540e-24
   9.6381718e+03   5.9969247e-24
   9.6678175e+03   6.0153521e-24
   9.6975543e+03   6.0338362e-24
   9.7273826e+03   6.0523772e-24
   9.7573027e+03   6.0709752e-24
   9.7873147e+03   6.0896306e-24
   9.8174191e+03   6.1083434e-24
   9.8476161e+03   6.1271138e-24
   9.8779060e+03   6.1459419e-24
   9.9082890e+03   6.1648281e-24
   9.9387655e+03   6.1837724e-24
   9.9693357e+03   6.2027751e-24
   1.0000000e+04   6.2218362e-24
