# Frequency    Median Mag     Phase (Rad)    -1 Sigma Mag   -1 Sigma Phase +1 Sigma Mag   +1 Sigma Phase
+1.8824679e+01 +1.0016042e+00 -5.4414768e-03 +9.8874811e-01 -1.5591148e-02 +1.0150686e+00 +5.0162614e-03
+2.0185086e+01 +1.0009484e+00 -5.5079727e-03 +9.8796705e-01 -1.5640599e-02 +1.0144422e+00 +4.9481911e-03
+2.1643806e+01 +1.0004389e+00 -5.4188944e-03 +9.8748771e-01 -1.5692737e-02 +1.0137293e+00 +5.0991519e-03
+2.3207944e+01 +9.9996986e-01 -5.2992514e-03 +9.8672556e-01 -1.5723314e-02 +1.0133216e+00 +5.3695142e-03
+2.4885118e+01 +9.9946338e-01 -5.0530933e-03 +9.8629676e-01 -1.5780620e-02 +1.0130224e+00 +5.7687955e-03
+2.6683496e+01 +9.9913642e-01 -4.9126312e-03 +9.8585976e-01 -1.5624153e-02 +1.0127088e+00 +6.0956689e-03
+2.8611838e+01 +9.9898751e-01 -4.5621740e-03 +9.8557717e-01 -1.5561466e-02 +1.0125422e+00 +6.5837376e-03
+3.0679536e+01 +9.9880916e-01 -4.2118088e-03 +9.8525060e-01 -1.5412467e-02 +1.0125197e+00 +7.0029773e-03
+3.2896661e+01 +9.9878426e-01 -3.8439920e-03 +9.8507219e-01 -1.5176425e-02 +1.0124481e+00 +7.5805595e-03
+3.5274012e+01 +9.9887351e-01 -3.5050601e-03 +9.8493201e-01 -1.4912039e-02 +1.0125407e+00 +7.9424845e-03
+3.7823166e+01 +9.9891631e-01 -3.3488126e-03 +9.8492232e-01 -1.4879809e-02 +1.0126928e+00 +8.2495441e-03
+4.0556542e+01 +9.9904300e-01 -3.1265307e-03 +9.8510646e-01 -1.4845430e-02 +1.0129682e+00 +8.4911116e-03
+4.3487450e+01 +9.9923426e-01 -2.9679252e-03 +9.8515727e-01 -1.4825606e-02 +1.0132101e+00 +8.7597148e-03
+4.6630167e+01 +9.9933374e-01 -2.9680451e-03 +9.8520144e-01 -1.4903171e-02 +1.0134169e+00 +9.0197751e-03
+5.0000000e+01 +9.9958026e-01 -2.8230248e-03 +9.8533317e-01 -1.4948203e-02 +1.0137283e+00 +9.2138417e-03
+5.3613361e+01 +9.9962934e-01 -2.7967433e-03 +9.8549648e-01 -1.5142825e-02 +1.0139153e+00 +9.4732712e-03
+5.7487850e+01 +9.9981498e-01 -2.8218699e-03 +9.8544572e-01 -1.5224278e-02 +1.0140453e+00 +9.6769626e-03
+6.1642337e+01 +9.9981063e-01 -2.6858377e-03 +9.8539561e-01 -1.5317614e-02 +1.0140944e+00 +9.7015534e-03
+6.6097057e+01 +9.9974673e-01 -2.6978804e-03 +9.8551183e-01 -1.5419362e-02 +1.0142547e+00 +9.7864817e-03
+7.0873708e+01 +9.9962580e-01 -2.6776524e-03 +9.8524402e-01 -1.5374903e-02 +1.0143541e+00 +9.8308102e-03
+7.5995554e+01 +9.9958588e-01 -2.6797030e-03 +9.8504328e-01 -1.5135197e-02 +1.0142687e+00 +9.8131054e-03
+8.1487542e+01 +9.9943171e-01 -2.4407693e-03 +9.8481630e-01 -1.4846047e-02 +1.0141512e+00 +1.0023194e-02
+8.7376420e+01 +9.9928596e-01 -2.1247693e-03 +9.8463867e-01 -1.4456777e-02 +1.0139625e+00 +1.0368428e-02
+9.3690871e+01 +9.9917635e-01 -1.6403950e-03 +9.8453542e-01 -1.4020329e-02 +1.0139615e+00 +1.0923832e-02
+1.0046165e+02 +9.9905881e-01 -1.1996557e-03 +9.8446440e-01 -1.3489835e-02 +1.0139830e+00 +1.1685036e-02
+1.0772173e+02 +9.9912792e-01 -3.8093235e-04 +9.8458241e-01 -1.2934297e-02 +1.0139907e+00 +1.2352680e-02
+1.1550649e+02 +9.9935696e-01 +4.9462829e-04 +9.8475384e-01 -1.2332450e-02 +1.0142447e+00 +1.3180446e-02
+1.2385382e+02 +9.9982950e-01 +1.3752142e-03 +9.8499725e-01 -1.1763812e-02 +1.0147326e+00 +1.4123049e-02
+1.3280439e+02 +1.0004336e+00 +2.2284919e-03 +9.8539379e-01 -1.1156142e-02 +1.0155415e+00 +1.5355761e-02
+1.4240179e+02 +1.0014012e+00 +2.8099875e-03 +9.8593605e-01 -1.0662635e-02 +1.0167529e+00 +1.6345586e-02
+1.5269278e+02 +1.0025401e+00 +3.3579788e-03 +9.8657874e-01 -1.0398445e-02 +1.0181577e+00 +1.7207889e-02
+1.6372746e+02 +1.0038012e+00 +3.4556442e-03 +9.8774934e-01 -1.0554945e-02 +1.0197178e+00 +1.7587012e-02
+1.7555959e+02 +1.0048950e+00 +3.1319043e-03 +9.8895006e-01 -1.0777734e-02 +1.0207663e+00 +1.7175952e-02
+1.8824679e+02 +1.0056282e+00 +2.5129676e-03 +9.9002289e-01 -1.0949092e-02 +1.0212631e+00 +1.6201378e-02
+2.0185086e+02 +1.0060064e+00 +1.8384464e-03 +9.9093210e-01 -1.1092851e-02 +1.0211582e+00 +1.4646064e-02
+2.1643806e+02 +1.0058261e+00 +1.2433894e-03 +9.9161063e-01 -1.0896541e-02 +1.0203768e+00 +1.3196546e-02
+2.3207944e+02 +1.0056490e+00 +8.9781922e-04 +9.9204852e-01 -1.0420591e-02 +1.0196487e+00 +1.2093910e-02
+2.4885118e+02 +1.0053977e+00 +7.9562358e-04 +9.9232535e-01 -9.8617346e-03 +1.0188103e+00 +1.1329597e-02
+2.6683496e+02 +1.0050807e+00 +8.1048477e-04 +9.9250858e-01 -9.3086149e-03 +1.0181565e+00 +1.0882426e-02
+2.8611838e+02 +1.0048430e+00 +8.2745415e-04 +9.9259479e-01 -8.8254752e-03 +1.0176690e+00 +1.0601172e-02
+3.0679536e+02 +1.0045631e+00 +9.4451086e-04 +9.9260647e-01 -8.4723614e-03 +1.0170828e+00 +1.0354523e-02
+3.2896661e+02 +1.0031097e+00 +5.2014054e-04 +9.9221543e-01 -7.6501128e-03 +1.0145256e+00 +8.4673237e-03
+3.5274012e+02 +1.0043295e+00 +1.5700540e-03 +9.9262959e-01 -7.9172226e-03 +1.0167815e+00 +1.0869170e-02
+3.7823166e+02 +1.0039202e+00 +1.7835256e-03 +9.9234150e-01 -7.5177899e-03 +1.0160710e+00 +1.0830061e-02
+4.0556542e+02 +1.0034762e+00 +2.1005595e-03 +9.9205604e-01 -7.0823981e-03 +1.0155049e+00 +1.0985386e-02
+4.3487450e+02 +1.0027869e+00 +2.5429737e-03 +9.9148051e-01 -6.5826681e-03 +1.0146410e+00 +1.1429054e-02
+4.6630167e+02 +1.0018938e+00 +4.3202299e-03 +9.9023063e-01 -5.3793911e-03 +1.0139260e+00 +1.3696002e-02
+5.0000000e+02 +1.0033985e+00 +4.8274173e-03 +9.9093510e-01 -5.8603892e-03 +1.0163853e+00 +1.5418703e-02
+5.3613361e+02 +1.0041279e+00 +6.4764472e-03 +9.9059463e-01 -5.6376513e-03 +1.0183529e+00 +1.8604765e-02
+5.7487850e+02 +1.0044932e+00 +4.6315790e-03 +9.9149027e-01 -7.0626740e-03 +1.0183452e+00 +1.6087033e-02
+6.1642337e+02 +1.0036960e+00 +4.6572102e-03 +9.9074679e-01 -6.9130027e-03 +1.0172551e+00 +1.6111876e-02
+6.6097057e+02 +1.0031090e+00 +5.1550980e-03 +9.9009310e-01 -6.6995681e-03 +1.0168720e+00 +1.6865666e-02
+7.0873708e+02 +1.0026957e+00 +5.7715709e-03 +9.8940449e-01 -6.6963336e-03 +1.0167761e+00 +1.8136352e-02
+7.5995554e+02 +1.0024014e+00 +6.4497122e-03 +9.8875499e-01 -6.6838111e-03 +1.0169582e+00 +1.9528236e-02
+8.1487542e+02 +1.0022780e+00 +7.1819520e-03 +9.8811356e-01 -6.7971952e-03 +1.0174052e+00 +2.1187670e-02
+8.7376420e+02 +1.0024643e+00 +7.9676129e-03 +9.8754328e-01 -7.1597657e-03 +1.0182766e+00 +2.2961742e-02
+9.3690871e+02 +1.0033019e+00 +8.3246226e-03 +9.8770463e-01 -7.8522957e-03 +1.0198644e+00 +2.4342217e-02
+1.0046165e+03 +1.0027099e+00 +8.1966063e-03 +9.8697545e-01 -8.4692394e-03 +1.0194566e+00 +2.4556228e-02
+1.0772173e+03 +1.0021834e+00 +8.3042152e-03 +9.8605114e-01 -9.0636661e-03 +1.0191999e+00 +2.5372489e-02
