# Frequency    Median Mag     Phase (Rad)    -1 Sigma Mag   -1 Sigma Phase +1 Sigma Mag   +1 Sigma Phase
+1.8824679e+01 +1.0128294e+00 +1.3174289e-02 +9.8745946e-01 -1.1425054e-02 +1.0380734e+00 +3.6878619e-02
+2.0185086e+01 +1.0140407e+00 +1.1159829e-02 +9.9017267e-01 -1.1551952e-02 +1.0375779e+00 +3.3001414e-02
+2.1643806e+01 +1.0146566e+00 +9.3192968e-03 +9.9195879e-01 -1.1766960e-02 +1.0369953e+00 +2.9958597e-02
+2.3207944e+01 +1.0146901e+00 +7.5155337e-03 +9.9319924e-01 -1.2228656e-02 +1.0359566e+00 +2.7123034e-02
+2.4885118e+01 +1.0143615e+00 +5.9594149e-03 +9.9385039e-01 -1.2703241e-02 +1.0346355e+00 +2.4927910e-02
+2.6683496e+01 +1.0139325e+00 +4.5372102e-03 +9.9423021e-01 -1.3273730e-02 +1.0332815e+00 +2.2592695e-02
+2.8611838e+01 +1.0131746e+00 +3.3867516e-03 +9.9414565e-01 -1.3610563e-02 +1.0319867e+00 +2.0531028e-02
+3.0679536e+01 +1.0124044e+00 +2.4572425e-03 +9.9395255e-01 -1.4073640e-02 +1.0306548e+00 +1.8851358e-02
+3.2896661e+01 +1.0114189e+00 +1.7053131e-03 +9.9344705e-01 -1.4293471e-02 +1.0291290e+00 +1.7584439e-02
+3.5274012e+01 +1.0103482e+00 +1.0001466e-03 +9.9274112e-01 -1.4416073e-02 +1.0275096e+00 +1.6181137e-02
+3.7823166e+01 +1.0093714e+00 +3.6779172e-04 +9.9207832e-01 -1.4441087e-02 +1.0259601e+00 +1.5025470e-02
+4.0556542e+01 +1.0082477e+00 -6.1651849e-05 +9.9145144e-01 -1.4508996e-02 +1.0245531e+00 +1.4202511e-02
+4.3487450e+01 +1.0071276e+00 -3.1077644e-04 +9.9065740e-01 -1.4512931e-02 +1.0231054e+00 +1.3370582e-02
+4.6630167e+01 +1.0060111e+00 -5.1747900e-04 +9.8981031e-01 -1.4332008e-02 +1.0216994e+00 +1.2897543e-02
+5.0000000e+01 +1.0049694e+00 -6.0968515e-04 +9.8914117e-01 -1.4149288e-02 +1.0202522e+00 +1.2434524e-02
+5.3613361e+01 +1.0038692e+00 -6.5980185e-04 +9.8831353e-01 -1.3723626e-02 +1.0189157e+00 +1.1959119e-02
+5.7487850e+01 +1.0028621e+00 -6.5638184e-04 +9.8761014e-01 -1.3397253e-02 +1.0176489e+00 +1.1686345e-02
+6.1642337e+01 +1.0019417e+00 -6.8038754e-04 +9.8700797e-01 -1.2935896e-02 +1.0164493e+00 +1.1526704e-02
+6.6097057e+01 +1.0010185e+00 -5.3720316e-04 +9.8644390e-01 -1.2460632e-02 +1.0153569e+00 +1.1419709e-02
+7.0873708e+01 +1.0002730e+00 -3.9499051e-04 +9.8601469e-01 -1.1968308e-02 +1.0144001e+00 +1.1191007e-02
+7.5995554e+01 +9.9962737e-01 -1.8738101e-04 +9.8565443e-01 -1.1310819e-02 +1.0134315e+00 +1.1160281e-02
+8.1487542e+01 +9.9904926e-01 +7.9349457e-05 +9.8532431e-01 -1.0693468e-02 +1.0124784e+00 +1.1165000e-02
+8.7376420e+01 +9.9855095e-01 +4.4349399e-04 +9.8515129e-01 -1.0010515e-02 +1.0118481e+00 +1.1162963e-02
+9.3690871e+01 +9.9821406e-01 +7.6662199e-04 +9.8506752e-01 -9.2649581e-03 +1.0112141e+00 +1.1142753e-02
+1.0046165e+02 +9.9793993e-01 +1.1164675e-03 +9.8515598e-01 -8.4815909e-03 +1.0107951e+00 +1.1183577e-02
+1.0772173e+02 +9.9787720e-01 +1.4545982e-03 +9.8526290e-01 -7.8365541e-03 +1.0103933e+00 +1.1153226e-02
+1.1550649e+02 +9.9775174e-01 +1.8141641e-03 +9.8555544e-01 -7.2861694e-03 +1.0102233e+00 +1.1091795e-02
+1.2385382e+02 +9.9784571e-01 +2.1076375e-03 +9.8594283e-01 -6.7317365e-03 +1.0101146e+00 +1.0970362e-02
+1.3280439e+02 +9.9806401e-01 +2.3045278e-03 +9.8633141e-01 -6.1313589e-03 +1.0100181e+00 +1.0750325e-02
+1.4240179e+02 +9.9841765e-01 +2.4544599e-03 +9.8674661e-01 -5.7447578e-03 +1.0100851e+00 +1.0592610e-02
+1.5269278e+02 +9.9875235e-01 +2.4801670e-03 +9.8725736e-01 -5.4542101e-03 +1.0101382e+00 +1.0335686e-02
+1.6372746e+02 +9.9907011e-01 +2.4430773e-03 +9.8768183e-01 -5.2458872e-03 +1.0101478e+00 +1.0000308e-02
+1.7555959e+02 +9.9933330e-01 +2.2202770e-03 +9.8820806e-01 -5.2298064e-03 +1.0103092e+00 +9.5661867e-03
+1.8824679e+02 +9.9953832e-01 +1.9463663e-03 +9.8858344e-01 -5.4024410e-03 +1.0103902e+00 +9.1852431e-03
+2.0185086e+02 +9.9961649e-01 +1.6902801e-03 +9.8880574e-01 -5.6194654e-03 +1.0104452e+00 +8.8582830e-03
+2.1643806e+02 +9.9967452e-01 +1.4414981e-03 +9.8884097e-01 -5.8611016e-03 +1.0105707e+00 +8.6082748e-03
+2.3207944e+02 +9.9957521e-01 +1.3644363e-03 +9.8871993e-01 -6.0895630e-03 +1.0105554e+00 +8.5574033e-03
+2.4885118e+02 +9.9947447e-01 +1.3302462e-03 +9.8849663e-01 -6.2241348e-03 +1.0106755e+00 +8.8455768e-03
+2.6683496e+02 +9.9959014e-01 +1.5635861e-03 +9.8839407e-01 -6.2615567e-03 +1.0111434e+00 +9.3578778e-03
+2.8611838e+02 +1.0001258e+00 +1.8327076e-03 +9.8845369e-01 -6.3210366e-03 +1.0119312e+00 +1.0212107e-02
+3.0679536e+02 +1.0013584e+00 +1.9298845e-03 +9.8901871e-01 -6.8439593e-03 +1.0135750e+00 +1.0819074e-02
+3.2896661e+02 +1.0023341e+00 -1.7958617e-03 +9.8991992e-01 -1.1089245e-02 +1.0146548e+00 +7.1635931e-03
+3.5274012e+02 +1.0030990e+00 +7.3441902e-04 +9.9068669e-01 -8.4249500e-03 +1.0152632e+00 +9.6063593e-03
+3.7823166e+02 +1.0037498e+00 -1.6497067e-03 +9.9097538e-01 -1.1186490e-02 +1.0162411e+00 +7.8119742e-03
+4.0556542e+02 +1.0026860e+00 -3.8361812e-03 +9.8955881e-01 -1.3762268e-02 +1.0154730e+00 +5.9597130e-03
+4.3487450e+02 +1.0007486e+00 -4.7125156e-03 +9.8755311e-01 -1.4853053e-02 +1.0138132e+00 +5.1887565e-03
+4.6630167e+02 +9.9756675e-01 -3.6495873e-03 +9.8604153e-01 -1.1763475e-02 +1.0091621e+00 +4.4354660e-03
+5.0000000e+02 +9.9976824e-01 -2.5983810e-03 +9.8827171e-01 -1.0639088e-02 +1.0112147e+00 +5.3036530e-03
+5.3613361e+02 +9.9912209e-01 -3.3082815e-03 +9.8749017e-01 -1.1545874e-02 +1.0106137e+00 +4.8832259e-03
+5.7487850e+02 +1.0012214e+00 -2.7710209e-03 +9.8905261e-01 -1.1672509e-02 +1.0130090e+00 +5.9205624e-03
+6.1642337e+02 +1.0005386e+00 -4.2299919e-03 +9.8829737e-01 -1.3419419e-02 +1.0126897e+00 +4.7593647e-03
+6.6097057e+02 +9.9973780e-01 -4.4323768e-03 +9.8748767e-01 -1.3650289e-02 +1.0120069e+00 +4.6327858e-03
+7.0873708e+02 +9.9946625e-01 -4.3211730e-03 +9.8703038e-01 -1.3671761e-02 +1.0117309e+00 +4.8350075e-03
+7.5995554e+02 +9.9935059e-01 -4.3457786e-03 +9.8680267e-01 -1.3961929e-02 +1.0119088e+00 +5.1001454e-03
+8.1487542e+02 +9.9948085e-01 -4.5540826e-03 +9.8666098e-01 -1.4493470e-02 +1.0122507e+00 +5.3168554e-03
+8.7376420e+02 +9.9957166e-01 -4.8343441e-03 +9.8648696e-01 -1.5112460e-02 +1.0127187e+00 +5.5651885e-03
+9.3690871e+02 +9.9977082e-01 -5.2945715e-03 +9.8624945e-01 -1.5995716e-02 +1.0133710e+00 +5.7245298e-03
+1.0046165e+03 +9.9965501e-01 -5.7966030e-03 +9.8578161e-01 -1.7153779e-02 +1.0136897e+00 +5.8012197e-03
+1.0772173e+03 +9.9964929e-01 -6.2164742e-03 +9.8536951e-01 -1.8138236e-02 +1.0141371e+00 +5.9883670e-03
