# Frequency    Median Mag     Phase (Rad)    -1 Sigma Mag   -1 Sigma Phase +1 Sigma Mag   +1 Sigma Phase
+2.1643806e+01 +9.9982791e-01 -5.6407247e-03 +9.8638814e-01 -1.6287114e-02 +1.0136088e+00 +4.9842880e-03
+2.3207944e+01 +9.9940445e-01 -5.4143778e-03 +9.8587957e-01 -1.6010542e-02 +1.0131479e+00 +5.2522539e-03
+2.4885118e+01 +9.9916088e-01 -5.0484326e-03 +9.8549490e-01 -1.5630629e-02 +1.0127152e+00 +5.5348440e-03
+2.6683496e+01 +9.9877042e-01 -4.6737354e-03 +9.8536876e-01 -1.5341632e-02 +1.0124869e+00 +6.0137415e-03
+2.8611838e+01 +9.9858411e-01 -4.2872049e-03 +9.8534854e-01 -1.5002750e-02 +1.0123647e+00 +6.3742806e-03
+3.0679536e+01 +9.9849915e-01 -3.9422977e-03 +9.8524023e-01 -1.4806627e-02 +1.0122438e+00 +6.6410178e-03
+3.2896661e+01 +9.9856821e-01 -3.6904341e-03 +9.8521261e-01 -1.4577353e-02 +1.0123606e+00 +6.9373474e-03
+3.5274012e+01 +9.9858843e-01 -3.3476998e-03 +9.8520990e-01 -1.4363775e-02 +1.0124622e+00 +7.2913867e-03
+3.7823166e+01 +9.9880033e-01 -2.9937627e-03 +9.8534669e-01 -1.4221115e-02 +1.0125135e+00 +7.5395395e-03
+4.0556542e+01 +9.9892828e-01 -2.9091557e-03 +9.8530141e-01 -1.4165044e-02 +1.0126811e+00 +7.9204295e-03
+4.3487450e+01 +9.9906978e-01 -2.7772620e-03 +9.8551316e-01 -1.4138275e-02 +1.0128064e+00 +8.2592946e-03
+4.6630167e+01 +9.9932993e-01 -2.6182614e-03 +9.8575174e-01 -1.4165861e-02 +1.0130106e+00 +8.4823819e-03
+5.0000000e+01 +9.9944450e-01 -2.6605422e-03 +9.8586690e-01 -1.4289270e-02 +1.0131227e+00 +8.7116353e-03
+5.3613361e+01 +9.9957348e-01 -2.6568108e-03 +9.8577949e-01 -1.4432451e-02 +1.0132796e+00 +8.8118651e-03
+5.7487850e+01 +9.9961664e-01 -2.7383676e-03 +9.8586450e-01 -1.4611823e-02 +1.0134287e+00 +9.0485850e-03
+6.1642337e+01 +9.9968891e-01 -2.5959536e-03 +9.8580672e-01 -1.4712798e-02 +1.0136883e+00 +9.2430349e-03
+6.6097057e+01 +9.9973825e-01 -2.6691022e-03 +9.8580652e-01 -1.4760421e-02 +1.0137881e+00 +9.4780276e-03
+7.0873708e+01 +9.9958342e-01 -2.5957076e-03 +9.8559909e-01 -1.4717513e-02 +1.0138778e+00 +9.8045125e-03
+7.5995554e+01 +9.9951938e-01 -2.4795941e-03 +9.8544056e-01 -1.4742577e-02 +1.0139673e+00 +1.0132633e-02
+8.1487542e+01 +9.9940370e-01 -2.2311633e-03 +9.8520083e-01 -1.4711559e-02 +1.0138378e+00 +1.0446742e-02
+8.7376420e+01 +9.9937608e-01 -1.8810137e-03 +9.8496156e-01 -1.4297420e-02 +1.0139435e+00 +1.1009328e-02
+9.3690871e+01 +9.9929038e-01 -1.2601278e-03 +9.8466296e-01 -1.4004014e-02 +1.0140651e+00 +1.1501546e-02
+1.0046165e+02 +9.9940184e-01 -6.6056089e-04 +9.8448264e-01 -1.3508676e-02 +1.0142308e+00 +1.2195638e-02
+1.0772173e+02 +9.9951671e-01 -3.5201754e-05 +9.8444405e-01 -1.2962187e-02 +1.0144904e+00 +1.2835282e-02
+1.1550649e+02 +9.9987309e-01 +7.3513083e-04 +9.8462096e-01 -1.2283795e-02 +1.0150232e+00 +1.3796374e-02
+1.2385382e+02 +1.0003147e+00 +1.6081051e-03 +9.8475411e-01 -1.1669250e-02 +1.0157207e+00 +1.4698828e-02
+1.3280439e+02 +1.0010448e+00 +2.3083301e-03 +9.8530246e-01 -1.1087107e-02 +1.0165517e+00 +1.5643374e-02
+1.4240179e+02 +1.0019354e+00 +3.0390849e-03 +9.8591691e-01 -1.0541319e-02 +1.0176574e+00 +1.6485732e-02
+1.5269278e+02 +1.0030657e+00 +3.3459529e-03 +9.8690856e-01 -1.0364254e-02 +1.0190998e+00 +1.7010220e-02
+1.6372746e+02 +1.0042432e+00 +3.3617977e-03 +9.8803092e-01 -1.0416426e-02 +1.0205853e+00 +1.7173093e-02
+1.7555959e+02 +1.0052746e+00 +2.9740047e-03 +9.8927213e-01 -1.0698519e-02 +1.0215370e+00 +1.6560544e-02
+1.8824679e+02 +1.0059532e+00 +2.2682841e-03 +9.9029065e-01 -1.0949964e-02 +1.0218559e+00 +1.5349696e-02
+2.0185086e+02 +1.0061772e+00 +1.5737059e-03 +9.9105350e-01 -1.0885932e-02 +1.0213346e+00 +1.3939925e-02
+2.1643806e+02 +1.0060747e+00 +1.0156072e-03 +9.9165232e-01 -1.0670083e-02 +1.0207209e+00 +1.2620683e-02
+2.3207944e+02 +1.0060398e+00 +6.9678647e-04 +9.9197518e-01 -1.0236470e-02 +1.0198994e+00 +1.1729233e-02
+2.4885118e+02 +1.0057417e+00 +6.0385111e-04 +9.9221258e-01 -9.6705257e-03 +1.0191019e+00 +1.1164406e-02
+2.6683496e+02 +1.0055644e+00 +6.4177524e-04 +9.9237079e-01 -9.1606296e-03 +1.0184833e+00 +1.0765405e-02
+2.8611838e+02 +1.0053834e+00 +7.2612734e-04 +9.9252104e-01 -8.6816009e-03 +1.0178593e+00 +1.0489268e-02
+3.0679536e+02 +1.0050750e+00 +7.9707314e-04 +9.9259299e-01 -8.2827791e-03 +1.0172825e+00 +1.0281878e-02
+3.2896661e+02 +1.0035157e+00 +4.6737272e-04 +9.9219992e-01 -7.3912984e-03 +1.0147917e+00 +8.5107856e-03
+3.5274012e+02 +1.0047628e+00 +1.4414100e-03 +9.9250086e-01 -7.5841394e-03 +1.0169512e+00 +1.0808745e-02
+3.7823166e+02 +1.0043345e+00 +1.6409936e-03 +9.9232301e-01 -7.1705262e-03 +1.0164287e+00 +1.0814760e-02
+4.0556542e+02 +1.0037865e+00 +1.9688462e-03 +9.9201589e-01 -6.6691756e-03 +1.0158159e+00 +1.0927705e-02
+4.3487450e+02 +1.0030274e+00 +2.4836012e-03 +9.9148302e-01 -6.0125490e-03 +1.0149315e+00 +1.1301217e-02
+4.6630167e+02 +1.0021449e+00 +4.2709930e-03 +9.9020753e-01 -4.8797800e-03 +1.0142764e+00 +1.3662438e-02
+5.0000000e+02 +1.0037358e+00 +4.7983986e-03 +9.9081480e-01 -5.3758928e-03 +1.0165839e+00 +1.5223548e-02
+5.3613361e+02 +1.0045878e+00 +6.4727689e-03 +9.9046777e-01 -5.2678245e-03 +1.0185316e+00 +1.8164951e-02
+5.7487850e+02 +1.0048363e+00 +4.6693813e-03 +9.9123740e-01 -6.5023804e-03 +1.0184054e+00 +1.5944767e-02
+6.1642337e+02 +1.0040023e+00 +4.7653425e-03 +9.9071173e-01 -6.3368814e-03 +1.0174139e+00 +1.5884962e-02
+6.6097057e+02 +1.0034330e+00 +5.2609214e-03 +9.9003328e-01 -6.2242352e-03 +1.0170315e+00 +1.6726751e-02
+7.0873708e+02 +1.0031005e+00 +5.8307566e-03 +9.8930410e-01 -6.1080628e-03 +1.0169020e+00 +1.7816117e-02
+7.5995554e+02 +1.0028757e+00 +6.4694936e-03 +9.8869946e-01 -6.1482215e-03 +1.0171099e+00 +1.9249042e-02
+8.1487542e+02 +1.0027496e+00 +7.1847251e-03 +9.8810424e-01 -6.2979161e-03 +1.0176595e+00 +2.0779051e-02
+8.7376420e+02 +1.0029172e+00 +8.0054274e-03 +9.8744395e-01 -6.4912971e-03 +1.0184980e+00 +2.2645072e-02
+9.3690871e+02 +1.0037682e+00 +8.2834223e-03 +9.8758446e-01 -7.2916373e-03 +1.0201117e+00 +2.3957375e-02
+1.0046165e+03 +1.0031860e+00 +8.1175830e-03 +9.8686897e-01 -7.8631328e-03 +1.0198579e+00 +2.4158587e-02
+1.0772173e+03 +1.0025503e+00 +8.2404019e-03 +9.8585158e-01 -8.4523285e-03 +1.0196527e+00 +2.4992620e-02
+1.1550649e+03 +1.0025903e+00 +8.9749723e-03 +9.8489040e-01 -8.9303355e-03 +1.0207135e+00 +2.6949470e-02
+1.2385382e+03 +1.0025949e+00 +9.0696678e-03 +9.8434750e-01 -9.8736013e-03 +1.0214486e+00 +2.8119607e-02
+1.3280439e+03 +1.0022049e+00 +9.1213080e-03 +9.8349433e-01 -1.0853253e-02 +1.0217021e+00 +2.8891225e-02
+1.4240179e+03 +1.0017801e+00 +9.4916014e-03 +9.8235594e-01 -1.1697127e-02 +1.0219846e+00 +3.0364261e-02
+1.5269278e+03 +1.0014169e+00 +9.7377141e-03 +9.8124844e-01 -1.2654997e-02 +1.0225197e+00 +3.1772204e-02
+1.6372746e+03 +1.0010510e+00 +1.0110970e-02 +9.8001585e-01 -1.3637190e-02 +1.0229143e+00 +3.3467127e-02
+1.7555959e+03 +1.0005950e+00 +1.0146364e-02 +9.7876739e-01 -1.4888757e-02 +1.0235240e+00 +3.5191354e-02
+1.8824679e+03 +9.9996682e-01 +1.0257786e-02 +9.7737325e-01 -1.6278681e-02 +1.0240140e+00 +3.6758414e-02
+2.0185086e+03 +9.9946556e-01 +1.0590987e-02 +9.7571722e-01 -1.7705187e-02 +1.0246090e+00 +3.8737797e-02
+2.1643806e+03 +9.9888776e-01 +1.0608960e-02 +9.7423222e-01 -1.9136237e-02 +1.0251631e+00 +4.0553295e-02
