# Frequency    Median Mag     Phase (Rad)    -1 Sigma Mag   -1 Sigma Phase +1 Sigma Mag   +1 Sigma Phase
+2.1643806e+01 +1.0147180e+00 +9.1459256e-03 +9.9184090e-01 -1.1708210e-02 +1.0375335e+00 +3.0756961e-02
+2.3207944e+01 +1.0149339e+00 +7.4829325e-03 +9.9323243e-01 -1.2394999e-02 +1.0366047e+00 +2.7785511e-02
+2.4885118e+01 +1.0146371e+00 +5.8998829e-03 +9.9397480e-01 -1.2853272e-02 +1.0355524e+00 +2.5136020e-02
+2.6683496e+01 +1.0143322e+00 +4.4219229e-03 +9.9450688e-01 -1.3312337e-02 +1.0342416e+00 +2.2873601e-02
+2.8611838e+01 +1.0137390e+00 +3.3104757e-03 +9.9469213e-01 -1.3723053e-02 +1.0329460e+00 +2.0597859e-02
+3.0679536e+01 +1.0128888e+00 +2.3623805e-03 +9.9444347e-01 -1.4103673e-02 +1.0314756e+00 +1.8852206e-02
+3.2896661e+01 +1.0120456e+00 +1.5086676e-03 +9.9415380e-01 -1.4340068e-02 +1.0300124e+00 +1.7400093e-02
+3.5274012e+01 +1.0109982e+00 +8.0148048e-04 +9.9350978e-01 -1.4517953e-02 +1.0285239e+00 +1.6100376e-02
+3.7823166e+01 +1.0098856e+00 +1.8071488e-04 +9.9287217e-01 -1.4567277e-02 +1.0269958e+00 +1.4989633e-02
+4.0556542e+01 +1.0087503e+00 -3.3188665e-04 +9.9223812e-01 -1.4778102e-02 +1.0255031e+00 +1.3925968e-02
+4.3487450e+01 +1.0076761e+00 -5.6380204e-04 +9.9150548e-01 -1.4796179e-02 +1.0239481e+00 +1.3291954e-02
+4.6630167e+01 +1.0065597e+00 -9.4243965e-04 +9.9066151e-01 -1.4593539e-02 +1.0226181e+00 +1.2629152e-02
+5.0000000e+01 +1.0054133e+00 -1.0786380e-03 +9.8997410e-01 -1.4389238e-02 +1.0213835e+00 +1.2110304e-02
+5.3613361e+01 +1.0044553e+00 -1.1106376e-03 +9.8930192e-01 -1.4139690e-02 +1.0201187e+00 +1.1713063e-02
+5.7487850e+01 +1.0034163e+00 -1.0388097e-03 +9.8854855e-01 -1.3790271e-02 +1.0187539e+00 +1.1354401e-02
+6.1642337e+01 +1.0024884e+00 -9.0002141e-04 +9.8781498e-01 -1.3288665e-02 +1.0174153e+00 +1.1126498e-02
+6.6097057e+01 +1.0015408e+00 -7.6952172e-04 +9.8735031e-01 -1.2847312e-02 +1.0162186e+00 +1.1042177e-02
+7.0873708e+01 +1.0008044e+00 -5.6456337e-04 +9.8674208e-01 -1.2216024e-02 +1.0151514e+00 +1.0995580e-02
+7.5995554e+01 +1.0001884e+00 -3.2116042e-04 +9.8630509e-01 -1.1589736e-02 +1.0141702e+00 +1.0844516e-02
+8.1487542e+01 +9.9962377e-01 -5.3712553e-05 +9.8599235e-01 -1.0915221e-02 +1.0133139e+00 +1.0839359e-02
+8.7376420e+01 +9.9920413e-01 +2.4074188e-04 +9.8583217e-01 -1.0216446e-02 +1.0125057e+00 +1.0846381e-02
+9.3690871e+01 +9.9881576e-01 +5.9816159e-04 +9.8575395e-01 -9.4590573e-03 +1.0118894e+00 +1.0896730e-02
+1.0046165e+02 +9.9863057e-01 +9.9206927e-04 +9.8580901e-01 -8.8080847e-03 +1.0113148e+00 +1.0851200e-02
+1.0772173e+02 +9.9858597e-01 +1.3512303e-03 +9.8595925e-01 -8.1367128e-03 +1.0109167e+00 +1.0920864e-02
+1.1550649e+02 +9.9855048e-01 +1.7001263e-03 +9.8629919e-01 -7.4022072e-03 +1.0106532e+00 +1.0916364e-02
+1.2385382e+02 +9.9857700e-01 +2.0168489e-03 +9.8661400e-01 -6.8179664e-03 +1.0105123e+00 +1.0881266e-02
+1.3280439e+02 +9.9880066e-01 +2.1888912e-03 +9.8703270e-01 -6.3612743e-03 +1.0103906e+00 +1.0725344e-02
+1.4240179e+02 +9.9901145e-01 +2.3430468e-03 +9.8759710e-01 -5.9264231e-03 +1.0104082e+00 +1.0457673e-02
+1.5269278e+02 +9.9925870e-01 +2.3601524e-03 +9.8807214e-01 -5.5793535e-03 +1.0105499e+00 +1.0183268e-02
+1.6372746e+02 +9.9957162e-01 +2.2990535e-03 +9.8848973e-01 -5.4136287e-03 +1.0106902e+00 +9.8848016e-03
+1.7555959e+02 +9.9979212e-01 +2.1151681e-03 +9.8886933e-01 -5.3634514e-03 +1.0108005e+00 +9.4835794e-03
+1.8824679e+02 +1.0000293e+00 +1.8737214e-03 +9.8918944e-01 -5.4980519e-03 +1.0109609e+00 +9.0509521e-03
+2.0185086e+02 +1.0000873e+00 +1.5156084e-03 +9.8937525e-01 -5.7448759e-03 +1.0110491e+00 +8.6665138e-03
+2.1643806e+02 +1.0001666e+00 +1.2180921e-03 +9.8948217e-01 -5.9011775e-03 +1.0110237e+00 +8.3830830e-03
+2.3207944e+02 +1.0000576e+00 +1.1499962e-03 +9.8941609e-01 -5.9732350e-03 +1.0109623e+00 +8.3849452e-03
+2.4885118e+02 +1.0000962e+00 +1.2778340e-03 +9.8928155e-01 -6.1150487e-03 +1.0110861e+00 +8.6914324e-03
+2.6683496e+02 +1.0002060e+00 +1.5531009e-03 +9.8920517e-01 -6.1423510e-03 +1.0114333e+00 +9.2512572e-03
+2.8611838e+02 +1.0007222e+00 +1.9036637e-03 +9.8957164e-01 -6.2109859e-03 +1.0122959e+00 +1.0151113e-02
+3.0679536e+02 +1.0018215e+00 +1.9599578e-03 +9.9029437e-01 -6.6989632e-03 +1.0140243e+00 +1.0639248e-02
+3.2896661e+02 +1.0029405e+00 -1.9273044e-03 +9.9106187e-01 -1.0849319e-02 +1.0151869e+00 +6.8216023e-03
+3.5274012e+02 +1.0035815e+00 +4.9596265e-04 +9.9170410e-01 -8.2294936e-03 +1.0158768e+00 +9.5649482e-03
+3.7823166e+02 +1.0041628e+00 -1.7773600e-03 +9.9188548e-01 -1.1012980e-02 +1.0168280e+00 +7.6055251e-03
+4.0556542e+02 +1.0031776e+00 -3.8723336e-03 +9.9071221e-01 -1.3425846e-02 +1.0159111e+00 +5.8649473e-03
+4.3487450e+02 +1.0014265e+00 -4.8834478e-03 +9.8872598e-01 -1.4694371e-02 +1.0140888e+00 +4.9609185e-03
+4.6630167e+02 +9.9814699e-01 -3.8036115e-03 +9.8697201e-01 -1.1632218e-02 +1.0093648e+00 +4.3681166e-03
+5.0000000e+02 +1.0003679e+00 -2.7301148e-03 +9.8926866e-01 -1.0561187e-02 +1.0115059e+00 +5.1726974e-03
+5.3613361e+02 +9.9972108e-01 -3.4007629e-03 +9.8843677e-01 -1.1417814e-02 +1.0110544e+00 +4.7342622e-03
+5.7487850e+02 +1.0016822e+00 -2.9190122e-03 +9.8998254e-01 -1.1467702e-02 +1.0134101e+00 +5.7222235e-03
+6.1642337e+02 +1.0009744e+00 -4.3796037e-03 +9.8911500e-01 -1.3238868e-02 +1.0130614e+00 +4.6340514e-03
+6.6097057e+02 +1.0002685e+00 -4.5891039e-03 +9.8814553e-01 -1.3553215e-02 +1.0123788e+00 +4.4500023e-03
+7.0873708e+02 +9.9984941e-01 -4.4675284e-03 +9.8768512e-01 -1.3628396e-02 +1.0120760e+00 +4.6020250e-03
+7.5995554e+02 +9.9982048e-01 -4.4095301e-03 +9.8739569e-01 -1.3875133e-02 +1.0122889e+00 +4.9183161e-03
+8.1487542e+02 +9.9985829e-01 -4.5756826e-03 +9.8714674e-01 -1.4381267e-02 +1.0126584e+00 +5.1618367e-03
+8.7376420e+02 +1.0000076e+00 -4.8005602e-03 +9.8683500e-01 -1.5048505e-02 +1.0131321e+00 +5.3258877e-03
+9.3690871e+02 +1.0002202e+00 -5.1337801e-03 +9.8671629e-01 -1.6054789e-02 +1.0137185e+00 +5.4719412e-03
+1.0046165e+03 +1.0000946e+00 -5.7039182e-03 +9.8616237e-01 -1.7104245e-02 +1.0141263e+00 +5.4288913e-03
+1.0772173e+03 +1.0000710e+00 -6.0773818e-03 +9.8567406e-01 -1.8104490e-02 +1.0145750e+00 +5.6314449e-03
+1.1550649e+03 +1.0000421e+00 -6.6201706e-03 +9.8511434e-01 -1.9335845e-02 +1.0151610e+00 +5.7643401e-03
+1.2385382e+03 +9.9993571e-01 -6.9983444e-03 +9.8445858e-01 -2.0389051e-02 +1.0155711e+00 +5.9477031e-03
+1.3280439e+03 +9.9995776e-01 -7.4366450e-03 +9.8398684e-01 -2.1449584e-02 +1.0161843e+00 +6.1571866e-03
+1.4240179e+03 +1.0000358e+00 -8.1118013e-03 +9.8346043e-01 -2.2745337e-02 +1.0168523e+00 +6.2688091e-03
+1.5269278e+03 +1.0000399e+00 -8.6654527e-03 +9.8287692e-01 -2.4088056e-02 +1.0174987e+00 +6.4582705e-03
+1.6372746e+03 +9.9997910e-01 -9.2948075e-03 +9.8215042e-01 -2.5455273e-02 +1.0181150e+00 +6.6215585e-03
+1.7555959e+03 +9.9987288e-01 -9.8936414e-03 +9.8143636e-01 -2.6861031e-02 +1.0188446e+00 +6.7688202e-03
+1.8824679e+03 +9.9983100e-01 -1.0604305e-02 +9.8062051e-01 -2.8411046e-02 +1.0195741e+00 +6.9317574e-03
+2.0185086e+03 +9.9979218e-01 -1.1331183e-02 +9.7984710e-01 -3.0070204e-02 +1.0204921e+00 +6.9314838e-03
+2.1643806e+03 +9.9982555e-01 -1.2168033e-02 +9.7897469e-01 -3.1904363e-02 +1.0212784e+00 +6.9882239e-03
